SPAO 10000 0.917763 0.138944 0.241349 57.6087 0.458038 2.05831e+07
HSSO 10000 0.919408 0.139193 0.241782 48.4727 0.382805 2.34144e+07
PLNO 10000 0.916118 0.138695 0.240917 72.0624 0.882683 1.96556e+07
Hyper 10000 0.891854 0.158118 0.268613 48.1333 0.378391 1.92193e+07
Coco 10000 0.926829 0.0756972 0.139963 45.4577 0.676234 4.47557e+06
USS 10000 0.973684 0.0184263 0.0361681 63.4183 0.80768 1.20324e+06
SPAO 20000 0.872533 0.264193 0.405581 24.9814 0.24817 1.99185e+07
HSSO 20000 0.870888 0.263695 0.404817 27.9614 0.21869 2.71377e+07
PLNO 20000 0.878268 0.267679 0.410305 25.9967 0.257223 2.26929e+07
Hyper 20000 0.851408 0.301046 0.444812 32.2749 0.297264 2.23626e+07
Coco 20000 0.899096 0.148655 0.255128 33.8799 0.632699 4.85671e+06
USS 20000 0.953947 0.0361056 0.0695777 49.9912 0.645539 1.36966e+06
SPAO 30000 0.83878 0.383466 0.526316 19.8619 0.391619 2.56222e+07
HSSO 30000 0.845524 0.385707 0.529754 21.9932 0.186878 2.35732e+07
PLNO 30000 0.846111 0.379233 0.523728 27.518 0.211622 1.94976e+07
Hyper 30000 0.824605 0.415588 0.552649 14.6248 0.181685 1.83208e+07
Coco 30000 0.875 0.217878 0.348884 33.805 0.570107 4.0895e+06
USS 30000 0.95614 0.0542829 0.102733 47.8717 0.651799 1.50564e+06
SPAO 40000 0.817094 0.476096 0.601636 14.4903 0.270149 2.71813e+07
HSSO 40000 0.810684 0.472361 0.596916 10.587 0.125433 2.80155e+07
PLNO 40000 0.813884 0.475847 0.600566 16.262 0.149202 2.12529e+07
Hyper 40000 0.80349 0.52739 0.636801 11.6431 0.104489 2.46592e+07
Coco 40000 0.858006 0.282869 0.425468 26.8277 0.475966 4.38049e+06
USS 40000 0.934211 0.0707171 0.131481 38.6219 0.621962 1.45234e+06
SPAO 50000 0.800574 0.555777 0.656085 10.0973 0.10538 3.00954e+07
HSSO 50000 0.805 0.561255 0.661385 8.6228 0.0981133 3.21357e+07
PLNO 50000 0.806047 0.544323 0.649822 15.7326 0.166168 2.72657e+07
Hyper 50000 0.795244 0.599602 0.683702 8.04575 0.0860607 2.61028e+07
Coco 50000 0.825243 0.338645 0.480226 19.5634 0.40235 4.88146e+06
USS 50000 0.9375 0.0896414 0.163636 35.3491 0.589105 1.36753e+06
SPAO 60000 0.797665 0.61255 0.692958 8.74959 0.0845684 3.10479e+07
HSSO 60000 0.793014 0.610558 0.689927 4.79451 0.0734086 3.29733e+07
PLNO 60000 0.789062 0.603586 0.683973 8.53146 0.0692478 2.75662e+07
Hyper 60000 0.791409 0.637699 0.706288 5.67625 0.0688043 2.7925e+07
Coco 60000 0.82362 0.401145 0.539518 18.721 0.327116 5.35659e+06
USS 60000 0.934783 0.107072 0.192136 36.9129 0.537938 1.39176e+06
SPAO 70000 0.786643 0.662849 0.719459 6.65997 0.0507042 2.83413e+07
HSSO 70000 0.785461 0.661853 0.718378 5.1594 0.0503934 3.21288e+07
PLNO 70000 0.792284 0.639193 0.707552 5.34795 0.0570477 2.62946e+07
Hyper 70000 0.781649 0.670319 0.721716 3.31596 0.0455476 2.73387e+07
Coco 70000 0.816756 0.453934 0.583547 16.8964 0.369804 4.96256e+06
USS 70000 0.93097 0.124253 0.219244 31.7408 0.569486 1.66922e+06
SPAO 80000 0.777429 0.67754 0.724055 3.38121 0.041072 3.07442e+07
HSSO 80000 0.784195 0.679532 0.728122 2.55984 0.0316942 3.34793e+07
PLNO 80000 0.791027 0.667331 0.723933 3.63084 0.0484326 2.62781e+07
Hyper 80000 0.779879 0.708416 0.742432 2.64198 0.0347428 2.67493e+07
Coco 80000 0.805825 0.496016 0.614057 15.7468 0.247775 4.46342e+06
USS 80000 0.921569 0.140438 0.243734 30.4518 0.572641 1.62842e+06
SPAO 90000 0.7848 0.701942 0.741062 3.37093 0.0396935 3.25539e+07
HSSO 90000 0.785356 0.70244 0.741588 2.54516 0.0303666 3.53112e+07
PLNO 90000 0.779661 0.687251 0.730545 1.98702 0.0278786 2.82801e+07
Hyper 90000 0.786264 0.712649 0.747649 3.21831 0.0382837 2.79543e+07
Coco 90000 0.794118 0.524402 0.631674 14.0982 0.260919 4.79508e+06
USS 90000 0.91763 0.158118 0.269754 26.0186 0.486944 1.73725e+06
SPAO 100000 0.781485 0.723108 0.751164 1.79746 0.0217648 3.28679e+07
HSSO 100000 0.77957 0.722112 0.749741 1.84262 0.0209413 3.59112e+07
PLNO 100000 0.778857 0.719124 0.747799 2.27926 0.0348312 2.81394e+07
Hyper 100000 0.785791 0.727092 0.755303 1.03893 0.0135438 2.64961e+07
Coco 100000 0.793283 0.570468 0.663673 12.6098 0.202784 4.85288e+06
USS 100000 0.901042 0.172311 0.289298 21.0417 0.664406 1.78314e+06
SPAO 200000 0.779309 0.774651 0.776973 0.0626301 0.00111645 2.93466e+07
HSSO 200000 0.78006 0.775398 0.777722 0.0381517 0.00198846 3.29951e+07
PLNO 200000 0.779949 0.765189 0.772499 0.740963 0.0117138 2.4511e+07
Hyper 200000 0.779175 0.771414 0.775275 0.0895674 0.00182623 3.18533e+07
Coco 200000 0.780065 0.717131 0.747276 3.69961 0.0693676 5.98092e+06
USS 200000 0.865885 0.331175 0.479107 16.1074 0.732182 2.03646e+06
SPAO 300000 0.780531 0.776643 0.778582 0.202574 0.00270952 2.88991e+07
HSSO 300000 0.78028 0.776394 0.778333 0.0713727 0.00106157 3.82565e+07
PLNO 300000 0.78006 0.775398 0.777722 0.075186 0.00112832 3.11092e+07
Hyper 300000 0.77981 0.775149 0.777473 0.0980861 0.000778503 3.15632e+07
Coco 300000 0.779487 0.756972 0.768065 1.12986 0.0247599 6.26594e+06
USS 300000 0.835938 0.479582 0.609494 12.1072 0.224885 2.19519e+06
SPAO 400000 0.779631 0.779631 0.779631 0 0 3.15553e+07
HSSO 400000 0.779631 0.779631 0.779631 0 0 3.75317e+07
PLNO 400000 0.77925 0.776145 0.777695 0.0418435 0.00044499 2.93618e+07
Hyper 400000 0.780781 0.776892 0.778832 0.21715 0.00158018 2.35328e+07
Coco 400000 0.778672 0.770916 0.774775 2.49006 0.0590507 5.76959e+06
USS 400000 0.807217 0.618277 0.700226 7.05867 0.125798 2.38558e+06
SPAO 500000 0.779691 0.778137 0.778913 0.0412509 0.000745934 3.62878e+07
HSSO 500000 0.779691 0.778137 0.778913 0.156615 0.000852813 3.7525e+07
PLNO 500000 0.779412 0.778635 0.779023 0.00223238 4.63621e-05 2.71801e+07
Hyper 500000 0.77991 0.779133 0.779522 0.00104245 1.22301e-05 2.77599e+07
Coco 500000 0.778953 0.770418 0.774662 0.408443 0.00723941 5.54559e+06
USS 500000 0.772633 0.739542 0.755725 3.41491 0.0468565 2.47986e+06
SPAO 600000 0.779631 0.779631 0.779631 0 0 3.56039e+07
HSSO 600000 0.779631 0.779631 0.779631 0 0 4.19944e+07
PLNO 600000 0.779661 0.778884 0.779273 0.0133628 0.000238427 2.71057e+07
Hyper 600000 0.778856 0.779631 0.779243 0.00159499 0.000213863 2.79426e+07
Coco 600000 0.77997 0.777639 0.778803 0.335634 0.00265133 5.57733e+06
USS 600000 0.776042 0.779133 0.777584 0.179239 0.0047719 2.42786e+06
SPAO 700000 0.779631 0.779631 0.779631 0 0 3.63192e+07
HSSO 700000 0.779631 0.779631 0.779631 0 0 4.10999e+07
PLNO 700000 0.779631 0.779631 0.779631 9.65133e-06 3.84962e-07 3.01678e+07
Hyper 700000 0.77991 0.779133 0.779522 0.000494552 5.6498e-05 3.09913e+07
Coco 700000 0.77994 0.778386 0.779163 0.825656 0.009474 5.95518e+06
USS 700000 0.779631 0.779631 0.779631 0 0 2.31096e+06
SPAO 800000 0.779631 0.779631 0.779631 0 0 3.65379e+07
HSSO 800000 0.779631 0.779631 0.779631 0 0 4.0489e+07
PLNO 800000 0.779441 0.777888 0.778664 0.178597 0.00749304 3.06858e+07
Hyper 800000 0.77991 0.779133 0.779522 0.000821034 1.83697e-05 3.00037e+07
Coco 800000 0.778693 0.777141 0.777916 0.10708 0.00362479 6.21445e+06
USS 800000 0.779631 0.779631 0.779631 0 0 2.29313e+06
SPAO 900000 0.779631 0.779631 0.779631 0 0 3.61022e+07
HSSO 900000 0.779631 0.779631 0.779631 0 0 4.25789e+07
PLNO 900000 0.779631 0.779631 0.779631 0.00666823 5.96372e-05 3.09298e+07
Hyper 900000 0.779631 0.779631 0.779631 0 0 3.08821e+07
Coco 900000 0.77875 0.775647 0.777196 0.143592 0.00193004 6.22721e+06
USS 900000 0.779631 0.779631 0.779631 0 0 2.28993e+06
SPAO 1000000 0.779661 0.778884 0.779273 0.141914 0.000811379 3.7658e+07
HSSO 1000000 0.77991 0.779133 0.779522 0.008102 0.000437239 4.05695e+07
PLNO 1000000 0.779631 0.779631 0.779631 0 0 3.0874e+07
Hyper 1000000 0.779631 0.779631 0.779631 0 0 3.10203e+07
Coco 1000000 0.779631 0.779631 0.779631 0.00136746 6.01389e-05 6.21385e+06
USS 1000000 0.779631 0.779631 0.779631 0 0 2.47102e+06
