SPAO 10000 0.992139 0.466364 0.634483 3328.85 0.936098 1.74705e+07
HSSO 10000 0.991559 0.476981 0.644115 4028.61 0.681866 1.71602e+07
PLNO 10000 0.987581 0.457953 0.625742 3823 0.615527 1.47249e+07
Hyper 10000 0.991015 0.455109 0.623763 4192.51 0.629554 1.01971e+07
Coco 10000 0.989859 0.362039 0.53017 1637.8 0.662326 1.36732e+06
USS 10000 0.997222 0.236579 0.38243 661.86 0.707632 453617
SPAO 20000 0.988788 0.539366 0.697991 3366.39 0.489958 1.843e+07
HSSO 20000 0.988255 0.560802 0.715552 2898.17 0.548753 1.78033e+07
PLNO 20000 0.987506 0.558374 0.713377 3709.69 0.620048 1.62213e+07
Hyper 20000 0.988973 0.569706 0.722951 2558.84 0.549067 1.30592e+07
Coco 20000 0.990776 0.43451 0.604093 1333.08 0.60483 1.57214e+06
USS 20000 0.992138 0.326473 0.491284 2080.53 0.71022 483708
SPAO 30000 0.985058 0.601127 0.746628 3412.16 0.486368 1.9664e+07
HSSO 30000 0.986822 0.606923 0.751594 2890.42 0.46407 2.06736e+07
PLNO 30000 0.976796 0.612199 0.752669 2393.78 0.495172 1.67688e+07
Hyper 30000 0.985721 0.621974 0.762698 3148.63 0.471889 1.49834e+07
Coco 30000 0.994391 0.496535 0.66234 1217.89 0.623497 1.58806e+06
USS 30000 0.997045 0.330896 0.496887 1306.02 0.597527 466752
SPAO 40000 0.975519 0.639661 0.772671 2269.13 0.356762 2.213e+07
HSSO 40000 0.983454 0.655443 0.786624 2148.92 0.425092 2.23562e+07
PLNO 40000 0.983235 0.690511 0.811276 1934.48 0.396068 1.86504e+07
Hyper 40000 0.986173 0.660557 0.791172 1743.94 0.457465 1.78986e+07
Coco 40000 0.990129 0.544001 0.702198 1322.39 0.500883 1.6915e+06
USS 40000 0.997941 0.353611 0.522189 1304.68 0.564352 462653
SPAO 50000 0.982868 0.69532 0.814459 1297.76 0.328467 2.20488e+07
HSSO 50000 0.984619 0.684521 0.807593 1413.3 0.303562 2.27329e+07
PLNO 50000 0.9669 0.695682 0.809169 1416.25 0.331849 1.91313e+07
Hyper 50000 0.98175 0.700241 0.817438 1323.24 0.302109 1.79704e+07
Coco 50000 0.991739 0.571887 0.725445 1270.41 0.557427 1.56809e+06
USS 50000 0.992381 0.405481 0.575724 1113.81 0.630121 481437
SPAO 60000 0.980032 0.72055 0.830495 1392.46 0.298124 2.23876e+07
HSSO 60000 0.980273 0.757395 0.854541 1200.57 0.344162 2.36726e+07
PLNO 60000 0.970067 0.778498 0.863789 1957.19 0.867822 1.83622e+07
Hyper 60000 0.979865 0.735757 0.840444 1128.51 0.259616 1.70234e+07
Coco 60000 0.985575 0.607169 0.751421 1273.23 0.537008 1.69419e+06
USS 60000 0.997108 0.398973 0.569908 1099.97 0.523806 490461
SPAO 70000 0.96652 0.79912 0.874885 1255.33 0.244111 2.49222e+07
HSSO 70000 0.9778 0.798054 0.87883 1489.94 0.295967 2.64162e+07
PLNO 70000 0.979578 0.791964 0.875837 1246.81 0.328186 2.10099e+07
Hyper 70000 0.977587 0.810695 0.886353 1109.76 0.291014 1.91914e+07
Coco 70000 0.985648 0.649047 0.782692 1312.96 0.515542 1.66848e+06
USS 70000 0.995885 0.433176 0.603744 1345.08 0.585347 487591
SPAO 80000 0.979907 0.825858 0.896311 909.901 0.198604 2.56543e+07
HSSO 80000 0.967811 0.847003 0.903386 895.998 0.239449 2.59615e+07
PLNO 80000 0.977581 0.823455 0.893924 1020.01 0.237475 2.19594e+07
Hyper 80000 0.967565 0.842462 0.90069 1015.16 0.298266 2.19912e+07
Coco 80000 0.987213 0.680092 0.805366 1040.37 0.574787 1.71199e+06
USS 80000 0.992089 0.447663 0.616941 859.455 0.550428 504184
SPAO 90000 0.972648 0.838992 0.90089 591.046 0.182844 2.63494e+07
HSSO 90000 0.968397 0.83905 0.899095 869.17 0.232408 2.74586e+07
PLNO 90000 0.969895 0.845761 0.903584 679.441 0.228954 2.26893e+07
Hyper 90000 0.977066 0.845171 0.906345 701.706 0.20145 2.20374e+07
Coco 90000 0.984021 0.705179 0.821585 5047.35 1.27986 1.78422e+06
USS 90000 0.994322 0.434967 0.605193 1063.55 0.567082 520586
SPAO 100000 0.977179 0.859487 0.914563 664.919 0.206151 2.77544e+07
HSSO 100000 0.971192 0.864458 0.914722 650.95 0.20443 2.88154e+07
PLNO 100000 0.975231 0.869571 0.919375 650.442 0.242675 2.29696e+07
Hyper 100000 0.971817 0.889294 0.928726 515.913 0.206724 2.17666e+07
Coco 100000 0.985484 0.675 0.801214 2325.78 0.509774 1.765e+06
USS 100000 0.992175 0.455688 0.624537 1156.51 0.492397 514156
SPAO 200000 0.966024 0.944899 0.955345 207.799 0.0835881 2.9984e+07
HSSO 200000 0.969186 0.944968 0.956924 235.014 0.0656446 3.19144e+07
PLNO 200000 0.970501 0.942964 0.956534 195.755 0.103584 2.57693e+07
Hyper 200000 0.965321 0.946374 0.955754 234.81 0.0638441 2.55776e+07
Coco 200000 0.978544 0.820365 0.8925 1061.92 0.755168 1.92756e+06
USS 200000 0.990544 0.544165 0.702439 845.121 0.437232 565814
SPAO 300000 0.970102 0.963087 0.966582 58.548 0.0263648 3.16435e+07
HSSO 300000 0.969956 0.962809 0.966369 64.4913 0.0215466 3.41923e+07
PLNO 300000 0.969536 0.96034 0.964916 167.28 0.0452852 2.74696e+07
Hyper 300000 0.968757 0.960156 0.964437 112.443 0.0416126 2.67773e+07
Coco 300000 0.973797 0.903799 0.937493 1401.19 0.485527 2.05024e+06
USS 300000 0.987737 0.630057 0.769357 817.772 0.3845 633780
SPAO 400000 0.969891 0.967466 0.968677 27.1675 0.0108716 3.23063e+07
HSSO 400000 0.969897 0.967584 0.968739 28.9412 0.00897826 3.41688e+07
PLNO 400000 0.969059 0.961793 0.965412 44.144 0.0307564 2.80454e+07
Hyper 400000 0.969336 0.965899 0.967614 50.2264 0.0150134 2.79365e+07
Coco 400000 0.972563 0.930858 0.951254 571.749 0.249445 2.11737e+06
USS 400000 0.987633 0.623105 0.76412 609.681 0.260227 654838
SPAO 500000 0.969453 0.968351 0.968902 13.6285 0.00880461 3.16919e+07
HSSO 500000 0.968949 0.967297 0.968123 24.4169 0.0199746 3.33558e+07
PLNO 500000 0.969361 0.966674 0.968016 62.5183 0.010922 2.69893e+07
Hyper 500000 0.96954 0.965923 0.967728 22.8217 0.00883064 2.62259e+07
Coco 500000 0.969548 0.946613 0.957943 342.71 0.151899 2.13925e+06
USS 500000 0.986635 0.653938 0.786552 526.456 0.240811 725696
SPAO 600000 0.969249 0.967425 0.968336 9.24236 0.00671889 3.30636e+07
HSSO 600000 0.968418 0.967381 0.967899 5.44843 0.00422501 3.49601e+07
PLNO 600000 0.969414 0.96686 0.968135 98.4196 0.0053102 2.75896e+07
Hyper 600000 0.969214 0.967581 0.968396 29.4529 0.00850973 2.75199e+07
Coco 600000 0.969221 0.951323 0.960188 639.788 0.121929 2.19345e+06
USS 600000 0.981177 0.703438 0.819413 521.435 0.231705 758565
SPAO 700000 0.969712 0.968786 0.969248 2.32465 0.00212053 3.28317e+07
HSSO 700000 0.969618 0.968868 0.969243 2.92127 0.00249009 3.48942e+07
PLNO 700000 0.969537 0.968672 0.969104 59.8403 0.0173017 2.76548e+07
Hyper 700000 0.969392 0.968321 0.968856 4.48123 0.0012947 2.84379e+07
Coco 700000 0.961459 0.958683 0.960069 1155.02 0.0991324 2.24204e+06
USS 700000 0.982443 0.759591 0.856763 424.079 0.214983 808566
SPAO 800000 0.969383 0.969293 0.969338 2.38541 0.00111908 3.30763e+07
HSSO 800000 0.969383 0.969293 0.969338 2.38842 0.00115029 3.52644e+07
PLNO 800000 0.969422 0.968442 0.968932 10.3106 0.0056115 2.8463e+07
Hyper 800000 0.96953 0.967968 0.968749 2.60461 0.00246481 2.8548e+07
Coco 800000 0.968985 0.959281 0.964109 142.659 0.0804034 2.10665e+06
USS 800000 0.982826 0.74387 0.846814 371.083 0.154963 833964
SPAO 900000 0.969383 0.968918 0.969151 1.08882 0.00294078 3.44109e+07
HSSO 900000 0.968321 0.968918 0.96862 0.233944 0.00191636 3.62047e+07
PLNO 900000 0.969365 0.968733 0.969049 4.08151 0.00236823 2.96921e+07
Hyper 900000 0.969616 0.967933 0.968774 0.629501 0.000815541 2.87435e+07
Coco 900000 0.96863 0.964749 0.966685 333.707 0.0559377 2.32916e+06
USS 900000 0.981319 0.763439 0.858775 312.399 0.13955 807238
SPAO 1000000 0.969367 0.969224 0.969296 3.48942 0.00077782 3.34081e+07
HSSO 1000000 0.969367 0.969224 0.969296 2.33476 0.000692208 3.55932e+07
PLNO 1000000 0.969346 0.969376 0.969361 31.7288 0.00132295 2.92825e+07
Hyper 1000000 0.969374 0.969314 0.969344 1.72238 0.00236406 2.80047e+07
Coco 1000000 0.968366 0.966508 0.967436 142.475 0.0387141 2.24139e+06
USS 1000000 0.977442 0.822645 0.893387 342.167 0.140575 816827
