SPAO 10000 1.77966e+09 0.474049 1.90414e+07
HSSO 10000 1.86021e+09 0.502962 1.87233e+07
PLNO 10000 1.77743e+09 0.626513 1.50777e+07
Hyper 10000 1.53065e+09 0.491191 1.1385e+07
Coco 10000 3.6412e+09 0.214286 1.60289e+06
USS 10000 9.01428e+09 0.657339 530354
SPAO 20000 9.26163e+08 0.332999 2.11316e+07
HSSO 20000 9.47164e+08 0.382481 2.02301e+07
PLNO 20000 8.82138e+08 0.279156 1.63296e+07
Hyper 20000 1.10765e+09 0.753466 1.3374e+07
Coco 20000 1.78223e+09 0.107764 1.71531e+06
USS 20000 5.71975e+09 0.378068 524444
SPAO 30000 4.90622e+08 0.392675 2.21938e+07
HSSO 30000 6.35468e+08 0.375994 2.23447e+07
PLNO 30000 4.78832e+08 0.188379 1.86512e+07
Hyper 30000 5.76965e+08 0.348311 1.46583e+07
Coco 30000 1.33193e+09 0.0648172 1.78542e+06
USS 30000 4.12294e+09 0.270496 500692
SPAO 40000 4.44516e+08 0.303338 2.27883e+07
HSSO 40000 3.95411e+08 0.198674 2.32897e+07
PLNO 40000 4.03776e+08 0.189503 1.94731e+07
Hyper 40000 3.65395e+08 0.167353 1.66989e+07
Coco 40000 9.77285e+08 0.053791 1.79705e+06
USS 40000 3.35776e+09 0.207206 511232
SPAO 50000 2.7984e+08 0.10197 2.38165e+07
HSSO 50000 2.32737e+08 0.0961763 2.39953e+07
PLNO 50000 3.37103e+08 0.198023 2.02176e+07
Hyper 50000 1.9112e+08 0.0995503 1.92594e+07
Coco 50000 7.77565e+08 0.0347236 1.77483e+06
USS 50000 2.71736e+09 0.162784 524834
SPAO 60000 3.20201e+08 0.111072 2.49597e+07
HSSO 60000 2.36721e+08 0.118137 2.58945e+07
PLNO 60000 2.18846e+08 0.0616683 2.12471e+07
Hyper 60000 1.80561e+08 0.0643333 2.0548e+07
Coco 60000 6.06458e+08 0.0281092 1.69117e+06
USS 60000 2.30568e+09 0.133507 520048
SPAO 70000 1.65124e+08 0.072681 2.33424e+07
HSSO 70000 1.66687e+08 0.177332 2.3634e+07
PLNO 70000 1.35948e+08 0.051946 2.19667e+07
Hyper 70000 1.36597e+08 0.0874893 1.9434e+07
Coco 70000 4.2647e+08 0.0275599 1.83194e+06
USS 70000 2.05761e+09 0.114948 546270
SPAO 80000 9.97319e+07 0.03683 2.57959e+07
HSSO 80000 1.10554e+08 0.0739686 2.68558e+07
PLNO 80000 1.5992e+08 0.0409349 2.15135e+07
Hyper 80000 1.20353e+08 0.0384764 2.23435e+07
Coco 80000 4.2577e+08 0.0184442 1.97269e+06
USS 80000 2.14426e+09 0.0993773 563090
SPAO 90000 1.07545e+08 0.0770458 2.61583e+07
HSSO 90000 1.05447e+08 0.0513094 2.6638e+07
PLNO 90000 1.38864e+08 0.0718201 2.32904e+07
Hyper 90000 9.81733e+07 0.0479657 2.09872e+07
Coco 90000 2.965e+08 0.0208612 1.7372e+06
USS 90000 1.69597e+09 0.0856258 560861
SPAO 100000 8.45971e+07 0.0379136 2.86487e+07
HSSO 100000 1.23489e+08 0.0802295 2.98133e+07
PLNO 100000 2.2197e+08 0.0542144 2.47111e+07
Hyper 100000 1.49292e+08 0.0382835 2.45248e+07
Coco 100000 2.52927e+08 0.0158451 2.05903e+06
USS 100000 1.47993e+09 0.0731865 582063
SPAO 200000 2.8972e+07 0.00897089 3.19638e+07
HSSO 200000 1.07218e+07 0.0034554 3.3081e+07
PLNO 200000 1.50752e+07 0.00445692 2.77498e+07
Hyper 200000 3.95001e+07 0.0035354 2.6824e+07
Coco 200000 1.46496e+08 0.00483383 2.28454e+06
USS 200000 6.0117e+08 0.0248541 661808
SPAO 300000 1.33554e+07 0.00330845 3.01372e+07
HSSO 300000 1.4377e+07 0.00549423 3.09509e+07
PLNO 300000 6.10621e+06 0.00160865 2.89772e+07
Hyper 300000 5.01296e+06 0.00102305 2.92804e+07
Coco 300000 5.02994e+07 0.00208224 2.36095e+06
USS 300000 3.13551e+08 0.011185 737231
SPAO 400000 5.10967e+06 0.00335606 3.37566e+07
HSSO 400000 3.37365e+06 0.00200474 3.42598e+07
PLNO 400000 7.76045e+06 0.00055553 2.95627e+07
Hyper 400000 2.55051e+06 0.000145043 2.89417e+07
Coco 400000 2.69669e+07 0.00132423 2.27301e+06
USS 400000 1.70366e+08 0.00595053 799938
SPAO 500000 105819 2.07837e-05 3.45823e+07
HSSO 500000 92431.7 2.01947e-05 3.49582e+07
PLNO 500000 2.07788e+06 0.00134891 2.91323e+07
Hyper 500000 1.89226e+06 0.000407617 3.01465e+07
Coco 500000 1.21479e+07 0.000595393 2.48432e+06
USS 500000 1.00961e+08 0.00331403 830990
SPAO 600000 451253 0.000160727 3.39057e+07
HSSO 600000 801637 0.000202471 3.42905e+07
PLNO 600000 675117 8.80287e-05 2.89898e+07
Hyper 600000 968248 0.000102422 2.90939e+07
Coco 600000 1.03812e+07 0.00166052 2.46327e+06
USS 600000 5.98485e+07 0.00183941 856258
SPAO 700000 190051 6.59778e-05 3.43507e+07
HSSO 700000 97726.1 4.1074e-05 3.48097e+07
PLNO 700000 551705 0.000160842 2.93034e+07
Hyper 700000 239358 2.56902e-05 3.02605e+07
Coco 700000 1.80946e+07 0.000746002 2.45026e+06
USS 700000 3.45454e+07 0.00105773 921463
SPAO 800000 46200.7 1.33975e-05 3.42141e+07
HSSO 800000 79431.4 1.17375e-05 3.47933e+07
PLNO 800000 5.40038e+06 0.000365241 2.96796e+07
Hyper 800000 784551 3.27161e-05 3.00442e+07
Coco 800000 2.84438e+06 0.000347575 2.44767e+06
USS 800000 1.99684e+07 0.000630609 918783
SPAO 900000 889406 2.26835e-05 3.49653e+07
HSSO 900000 922472 3.06265e-05 3.51517e+07
PLNO 900000 111241 2.86816e-05 2.98516e+07
Hyper 900000 90535.8 3.13955e-05 2.99418e+07
Coco 900000 5.43679e+06 0.000350399 2.54451e+06
USS 900000 1.13473e+07 0.000366346 922789
SPAO 1000000 2789.76 1.3188e-06 3.43512e+07
HSSO 1000000 2789.76 1.3188e-06 3.50104e+07
PLNO 1000000 100220 1.53623e-05 2.98516e+07
Hyper 1000000 1.66572e+06 0.000322119 3.0475e+07
Coco 1000000 2.04951e+06 0.000160588 2.54714e+06
USS 1000000 6.61104e+06 0.00021717 957178
