SPAO 10000 1.72156e+09 0.545333 1.86503e+07
HSSO 10000 2.06255e+09 1.21062 1.80982e+07
PLNO 10000 1.55974e+09 0.602096 1.46165e+07
Hyper 10000 1.66594e+09 0.584927 1.08622e+07
Coco 10000 3.31296e+09 0.196516 1.61218e+06
USS 10000 9.06129e+09 0.637753 528187
SPAO 20000 9.74004e+08 0.311471 2.10209e+07
HSSO 20000 9.51359e+08 0.267066 2.09925e+07
PLNO 20000 7.85242e+08 0.518699 1.61303e+07
Hyper 20000 8.6888e+08 0.881305 1.35017e+07
Coco 20000 1.95723e+09 0.0980467 1.69499e+06
USS 20000 5.40835e+09 0.37262 517962
SPAO 30000 5.36923e+08 0.206455 2.18393e+07
HSSO 30000 5.51504e+08 0.331229 2.25244e+07
PLNO 30000 4.68717e+08 0.170579 1.8261e+07
Hyper 30000 5.73022e+08 0.558872 1.50705e+07
Coco 30000 1.23858e+09 0.0703117 1.70949e+06
USS 30000 4.05882e+09 0.271448 504781
SPAO 40000 3.83801e+08 0.169454 2.31305e+07
HSSO 40000 4.24212e+08 0.18925 2.37508e+07
PLNO 40000 4.68776e+08 0.149654 1.83043e+07
Hyper 40000 2.93149e+08 0.14488 1.56387e+07
Coco 40000 9.09425e+08 0.0502261 1.77152e+06
USS 40000 3.26872e+09 0.199881 518888
SPAO 50000 2.63231e+08 0.0933341 2.20005e+07
HSSO 50000 2.50754e+08 0.112583 2.48433e+07
PLNO 50000 2.44253e+08 0.127 2.08935e+07
Hyper 50000 2.24187e+08 0.0752017 2.02261e+07
Coco 50000 7.39443e+08 0.0335947 1.85347e+06
USS 50000 3.05663e+09 0.163553 509434
SPAO 60000 2.15708e+08 0.0885633 2.40715e+07
HSSO 60000 2.95422e+08 0.126834 2.43347e+07
PLNO 60000 1.76279e+08 0.0713935 2.00201e+07
Hyper 60000 2.31661e+08 0.177925 1.91537e+07
Coco 60000 6.27966e+08 0.0268935 1.68865e+06
USS 60000 2.44563e+09 0.132673 530757
SPAO 70000 2.09149e+08 0.105747 2.33767e+07
HSSO 70000 2.30116e+08 0.102774 2.39188e+07
PLNO 70000 4.17618e+08 0.0784549 2.03736e+07
Hyper 70000 2.29281e+08 0.273893 1.92872e+07
Coco 70000 4.92894e+08 0.0282822 1.76195e+06
USS 70000 2.21252e+09 0.114204 568180
SPAO 80000 1.15446e+08 0.0407857 2.75248e+07
HSSO 80000 9.20546e+07 0.0479643 2.74145e+07
PLNO 80000 1.04247e+08 0.0556448 2.13317e+07
Hyper 80000 1.64225e+08 0.0635392 2.14499e+07
Coco 80000 4.04623e+08 0.0195742 1.9555e+06
USS 80000 1.95933e+09 0.0977603 547048
SPAO 90000 1.21739e+08 0.209803 2.33315e+07
HSSO 90000 1.11144e+08 0.0494452 2.45028e+07
PLNO 90000 1.0208e+08 0.0473016 2.21933e+07
Hyper 90000 9.65812e+07 0.0253934 1.29831e+07
Coco 90000 4.47435e+08 0.0159536 1.93978e+06
USS 90000 1.68942e+09 0.0853581 584926
SPAO 100000 8.68204e+07 0.035256 2.90003e+07
HSSO 100000 8.43176e+07 0.0367333 2.97742e+07
PLNO 100000 8.52181e+07 0.0224204 2.48287e+07
Hyper 100000 8.08867e+07 0.445021 2.45816e+07
Coco 100000 2.84811e+08 0.0164475 2.05804e+06
USS 100000 1.48849e+09 0.0732749 586218
SPAO 200000 1.35568e+07 0.00294252 3.21849e+07
HSSO 200000 1.38977e+07 0.00605547 3.28871e+07
PLNO 200000 2.77009e+07 0.0404559 2.75974e+07
Hyper 200000 1.99657e+07 0.00344196 2.66882e+07
Coco 200000 1.06779e+08 0.0057359 2.2926e+06
USS 200000 6.45948e+08 0.024448 655927
SPAO 300000 2.36767e+07 0.00370666 3.23964e+07
HSSO 300000 1.1631e+07 0.00463013 3.3173e+07
PLNO 300000 1.01925e+07 0.00122386 2.88545e+07
Hyper 300000 1.13015e+07 0.00124542 2.91371e+07
Coco 300000 7.15579e+07 0.00219766 2.36736e+06
USS 300000 3.15131e+08 0.0113858 720105
SPAO 400000 2.75377e+06 0.00194601 3.2863e+07
HSSO 400000 8.33011e+06 0.00267283 3.36291e+07
PLNO 400000 7.94741e+06 0.00128722 2.9644e+07
Hyper 400000 1.94775e+06 0.000165042 2.94379e+07
Coco 400000 2.38958e+07 0.00110526 2.43596e+06
USS 400000 1.87289e+08 0.00589343 806273
SPAO 500000 193843 7.56132e-05 3.4261e+07
HSSO 500000 170931 1.72108e-05 3.46261e+07
PLNO 500000 1.27276e+06 0.000566408 2.69878e+07
Hyper 500000 887245 0.000326091 2.77392e+07
Coco 500000 2.55346e+07 0.000558348 2.34186e+06
USS 500000 1.00251e+08 0.00325037 848562
SPAO 600000 486174 0.000400074 3.35033e+07
HSSO 600000 816343 0.00024165 3.39844e+07
PLNO 600000 6.26722e+06 0.000195983 2.90648e+07
Hyper 600000 1.03413e+06 8.75392e-05 2.925e+07
Coco 600000 9.37707e+06 0.000616082 2.46825e+06
USS 600000 5.76761e+07 0.00182202 855662
SPAO 700000 239042 7.51081e-05 3.40075e+07
HSSO 700000 91540.2 2.2124e-05 3.45603e+07
PLNO 700000 1.16409e+06 0.00014757 2.92747e+07
Hyper 700000 233817 1.94711e-05 2.995e+07
Coco 700000 2.17608e+07 0.000591254 2.45833e+06
USS 700000 3.59544e+07 0.00107476 903059
SPAO 800000 80833.9 1.23598e-05 3.13531e+07
HSSO 800000 37655.1 1.0707e-05 3.5127e+07
PLNO 800000 5.64126e+06 0.00061392 2.9532e+07
Hyper 800000 731316 4.23715e-05 3.03452e+07
Coco 800000 2.86816e+06 0.000312435 2.53288e+06
USS 800000 2.06885e+07 0.00062753 932292
SPAO 900000 895253 5.49506e-05 3.4706e+07
HSSO 900000 2.31558e+06 0.000100855 3.50359e+07
PLNO 900000 107145 2.22285e-05 2.94865e+07
Hyper 900000 96118.4 3.81301e-05 2.98876e+07
Coco 900000 4.59045e+06 0.000336584 2.46908e+06
USS 900000 1.13126e+07 0.000359415 925807
SPAO 1000000 2690.54 1.27528e-06 3.43522e+07
HSSO 1000000 2690.54 1.27528e-06 3.47256e+07
PLNO 1000000 64382.7 1.0407e-05 2.96585e+07
Hyper 1000000 749446 0.000253135 3.0429e+07
Coco 1000000 2.60392e+06 0.000221475 2.55013e+06
USS 1000000 6.55451e+06 0.000214804 927057
