SPAO 10000 0.990227 0.470803 0.638183 4600.94 0.843975 1.59964e+07
HSSO 10000 0.988808 0.473502 0.64036 5009.29 0.79288 1.5567e+07
PLNO 10000 0.990626 0.468743 0.636369 2418.22 0.709549 1.42844e+07
Hyper 10000 0.991754 0.460118 0.628601 3161.94 0.597549 1.02772e+07
Coco 10000 0.996065 0.370176 0.539757 1053.32 0.701809 1.45899e+06
USS 10000 1 0.192891 0.3234 608.81 0.64361 476943
SPAO 20000 0.988099 0.562481 0.716876 3399.13 0.550738 1.96508e+07
HSSO 20000 0.986782 0.551011 0.707153 3042.49 0.54525 1.92365e+07
PLNO 20000 0.988221 0.555103 0.710887 3389.53 0.511074 1.66217e+07
Hyper 20000 0.987742 0.577457 0.728826 4139.11 0.606625 1.32029e+07
Coco 20000 0.990774 0.445408 0.614544 1295.72 0.666717 1.56717e+06
USS 20000 0.995437 0.294078 0.454026 1145.4 0.724083 487365
SPAO 30000 0.985863 0.615183 0.757613 2386.39 0.503294 2.09009e+07
HSSO 30000 0.986993 0.603199 0.748781 2949.37 0.396092 2.07138e+07
PLNO 30000 0.988895 0.595921 0.743686 3004.35 0.468613 1.74182e+07
Hyper 30000 0.987109 0.603732 0.749226 2187.02 0.459677 1.49432e+07
Coco 30000 0.990117 0.516582 0.678937 1184.17 0.566977 1.60867e+06
USS 30000 0.99727 0.337427 0.504242 1271.81 0.665162 478006
SPAO 40000 0.974175 0.64165 0.773697 2258.46 0.361217 2.19898e+07
HSSO 40000 0.975031 0.640169 0.772888 1744.32 0.3125 2.2383e+07
PLNO 40000 0.984743 0.652262 0.784739 1696.31 0.346174 1.83036e+07
Hyper 40000 0.984768 0.650635 0.783568 2056.74 0.346341 1.77211e+07
Coco 40000 0.991088 0.53395 0.694004 968.925 0.529559 1.60642e+06
USS 40000 0.991618 0.384599 0.554237 1377.89 0.728739 471108
SPAO 50000 0.984429 0.684544 0.807544 1501.54 0.317027 2.17433e+07
HSSO 50000 0.984692 0.690173 0.811537 1391.75 0.323238 2.17428e+07
PLNO 50000 0.981722 0.693623 0.812901 1532.4 0.338893 1.84388e+07
Hyper 50000 0.982576 0.736778 0.842107 1549.98 0.376834 1.74897e+07
Coco 50000 0.990292 0.570532 0.723968 1653.54 0.625775 1.6087e+06
USS 50000 0.995893 0.383825 0.554097 1401.86 0.639915 476141
SPAO 60000 0.981198 0.726604 0.834924 1154.37 0.334153 2.42586e+07
HSSO 60000 0.98039 0.720615 0.830666 1349.34 0.324512 2.52327e+07
PLNO 60000 0.971304 0.759901 0.852695 1532.87 0.352454 1.9873e+07
Hyper 60000 0.978483 0.752144 0.850513 1034.71 0.275951 1.89899e+07
Coco 60000 0.989284 0.593156 0.741639 1363.12 0.543153 1.73878e+06
USS 60000 0.995285 0.381291 0.551359 1408.84 0.624344 491184
SPAO 70000 0.977368 0.803794 0.882123 1042.69 0.309903 2.59022e+07
HSSO 70000 0.975604 0.814668 0.887903 1288.15 0.291384 2.69032e+07
PLNO 70000 0.978237 0.787123 0.872335 1015.6 0.260021 2.19615e+07
Hyper 70000 0.974896 0.819518 0.89048 997.797 0.314683 2.00887e+07
Coco 70000 0.987422 0.610929 0.754834 1602.35 0.584281 1.67921e+06
USS 70000 0.992377 0.440158 0.609832 1147.42 0.550161 483087
SPAO 80000 0.974404 0.838451 0.90133 902.739 0.340688 2.49428e+07
HSSO 80000 0.969581 0.834646 0.897067 990.805 0.256545 2.661e+07
PLNO 80000 0.977783 0.819937 0.89193 940.704 0.227161 2.21731e+07
Hyper 80000 0.977079 0.826465 0.895483 816.64 0.208307 2.15994e+07
Coco 80000 0.986896 0.640116 0.77655 1177.23 0.539087 1.71682e+06
USS 80000 0.992728 0.459939 0.628629 1066.44 0.554542 516945
SPAO 90000 0.981325 0.8211 0.894091 754.726 0.223062 2.59788e+07
HSSO 90000 0.976914 0.841544 0.90419 787.349 0.243703 2.77343e+07
PLNO 90000 0.969592 0.848926 0.905255 870.491 0.279313 2.25533e+07
Hyper 90000 0.976437 0.849127 0.908343 630.745 0.201238 2.25236e+07
Coco 90000 0.98477 0.698199 0.817086 1821.42 0.928061 1.81352e+06
USS 90000 0.991725 0.445036 0.614373 1201.14 0.546402 524949
SPAO 100000 0.967786 0.847864 0.903865 593.535 0.177805 2.69464e+07
HSSO 100000 0.972875 0.861456 0.913782 798.716 0.23186 2.85934e+07
PLNO 100000 0.976162 0.870492 0.920304 804.408 0.232259 2.2643e+07
Hyper 100000 0.966442 0.891574 0.9275 676.275 0.180928 2.15805e+07
Coco 100000 0.984425 0.692246 0.812878 1391.06 0.530994 1.70224e+06
USS 100000 0.995497 0.469841 0.638385 1091.72 0.518416 528891
SPAO 200000 0.959451 0.946889 0.953129 217.059 0.0656226 2.95217e+07
HSSO 200000 0.971743 0.942344 0.956818 129.358 0.0672741 3.12437e+07
PLNO 200000 0.970243 0.943272 0.956567 190.333 0.0588131 2.55332e+07
Hyper 200000 0.969913 0.942641 0.956082 188.636 0.09318 2.52769e+07
Coco 200000 0.97709 0.83997 0.903356 1494.2 0.632865 1.89132e+06
USS 200000 0.990114 0.555883 0.712017 996.545 0.435083 594907
SPAO 300000 0.964724 0.962005 0.963362 70.0101 0.0459264 3.12318e+07
HSSO 300000 0.966489 0.961822 0.96415 70.2119 0.0455575 3.32168e+07
PLNO 300000 0.968447 0.960224 0.964318 148.634 0.0367918 2.73558e+07
Hyper 300000 0.967662 0.958395 0.963006 92.0038 0.0437808 2.64803e+07
Coco 300000 0.967448 0.907424 0.936475 1417.9 0.48815 1.9681e+06
USS 300000 0.988889 0.590039 0.739087 650.653 0.346803 634414
SPAO 400000 0.969912 0.967711 0.96881 28.8227 0.00877779 3.1596e+07
HSSO 400000 0.969895 0.96744 0.968666 32.5229 0.0117991 3.30105e+07
PLNO 400000 0.969541 0.962603 0.966059 46.6008 0.0217101 2.67381e+07
Hyper 400000 0.969292 0.964368 0.966823 51.6054 0.0258489 2.76191e+07
Coco 400000 0.969851 0.935823 0.952533 1125.47 0.333065 2.06099e+06
USS 400000 0.988216 0.626352 0.766733 570.832 0.29208 696548
SPAO 500000 0.969101 0.967212 0.968156 14.5037 0.0127659 3.30624e+07
HSSO 500000 0.969344 0.968444 0.968894 16.8446 0.00877468 3.47353e+07
PLNO 500000 0.968034 0.96674 0.967386 48.0885 0.00942921 2.8137e+07
Hyper 500000 0.969273 0.966314 0.967791 30.5259 0.0135234 2.71371e+07
Coco 500000 0.966089 0.943871 0.954851 337.137 0.165027 2.16263e+06
USS 500000 0.984253 0.660765 0.790703 660.636 0.253114 716564
SPAO 600000 0.969502 0.967614 0.968557 8.43332 0.00647373 3.23508e+07
HSSO 600000 0.968389 0.968415 0.968402 6.89581 0.00539796 3.41605e+07
PLNO 600000 0.966146 0.966831 0.966488 40.0166 0.00799842 2.80592e+07
Hyper 600000 0.969345 0.967572 0.968458 27.1925 0.00553234 2.73261e+07
Coco 600000 0.963998 0.950635 0.95727 639.47 0.222492 2.22352e+06
USS 600000 0.983781 0.699726 0.81779 538.886 0.224595 773683
SPAO 700000 0.969712 0.968786 0.969248 2.43425 0.00226827 3.32552e+07
HSSO 700000 0.969276 0.968786 0.969031 3.92493 0.00213712 3.52411e+07
PLNO 700000 0.969466 0.968369 0.968917 53.2564 0.00692626 2.84063e+07
Hyper 700000 0.969418 0.968231 0.968824 4.89995 0.00464059 2.8654e+07
Coco 700000 0.968932 0.959489 0.964187 935.731 0.105228 2.24021e+06
USS 700000 0.98335 0.715762 0.828485 475.505 0.194153 811818
SPAO 800000 0.969378 0.969288 0.969333 3.58226 0.00139287 3.10012e+07
HSSO 800000 0.969383 0.969293 0.969338 2.43953 0.00112827 3.29595e+07
PLNO 800000 0.969391 0.968411 0.968901 7.34601 0.00478981 2.67343e+07
Hyper 800000 0.969528 0.968109 0.968818 1.86511 0.00298871 2.66935e+07
Coco 800000 0.968768 0.957942 0.963325 235.091 0.0668349 2.22257e+06
USS 800000 0.981577 0.749216 0.849799 517.609 0.190037 849240
SPAO 900000 0.968321 0.968918 0.96862 0.370607 0.00212814 3.40626e+07
HSSO 900000 0.968321 0.968918 0.96862 0.363386 0.0019847 3.59706e+07
PLNO 900000 0.969363 0.968873 0.969118 4.88939 0.00351518 2.94096e+07
Hyper 900000 0.969522 0.968015 0.968768 0.74807 0.000924175 2.92781e+07
Coco 900000 0.964195 0.963474 0.963834 319.867 0.0610361 2.29516e+06
USS 900000 0.979932 0.765667 0.85965 331.18 0.127128 823118
SPAO 1000000 0.969367 0.969224 0.969296 2.42641 0.000708629 3.32029e+07
HSSO 1000000 0.969367 0.969224 0.969296 3.3462 0.000776299 3.48962e+07
PLNO 1000000 0.968804 0.969319 0.969061 39.0802 0.00315898 2.8746e+07
Hyper 1000000 0.969374 0.969314 0.969344 2.50214 0.00244164 2.79437e+07
Coco 1000000 0.967152 0.965735 0.966443 135.481 0.0497339 2.24263e+06
USS 1000000 0.979137 0.817361 0.890965 313.537 0.135435 825482
