SPAO 10000 0.939076 0.0636027 0.119136 4854.63 0.435428 1.67668e+07
HSSO 10000 0.951681 0.0644565 0.120736 4643.01 0.505843 1.69401e+07
PLNO 10000 0.933824 0.063247 0.11847 3855.61 0.538702 1.46104e+07
Hyper 10000 0.957341 0.068654 0.12812 4893.32 0.667713 1.02035e+07
Coco 10000 0.975275 0.0252561 0.0492372 2087.7 0.765202 1.42507e+06
USS 10000 0.988095 0.00590495 0.0117397 1692.77 0.933981 483070
SPAO 20000 0.942752 0.127703 0.224937 2446.55 0.368012 1.77224e+07
HSSO 20000 0.942752 0.127703 0.224937 2758.36 0.400915 1.72167e+07
PLNO 20000 0.946429 0.128201 0.225815 3768.94 0.438634 1.38635e+07
Hyper 20000 0.944716 0.137379 0.239876 2657.06 0.379908 1.15522e+07
Coco 20000 0.982804 0.05286 0.100324 1841.88 0.702996 1.49442e+06
USS 20000 0.994048 0.011881 0.0234814 502.071 0.829413 476981
SPAO 30000 0.931022 0.189172 0.314451 1935.61 0.317541 2.07263e+07
HSSO 30000 0.943277 0.191662 0.31859 1530.98 0.270661 2.11489e+07
PLNO 30000 0.931692 0.191164 0.317237 2564.25 0.322933 1.79168e+07
Hyper 30000 0.933442 0.204539 0.335551 2278.3 0.408199 1.51441e+07
Coco 30000 0.96777 0.079041 0.146146 2084.02 0.723428 1.64437e+06
USS 30000 0.977444 0.0184974 0.0363078 2199.18 0.830137 481030
SPAO 40000 0.940126 0.254696 0.400806 1506.67 0.28734 2.21816e+07
HSSO 40000 0.926208 0.250925 0.394872 2287.17 0.274546 2.23847e+07
PLNO 40000 0.934589 0.254126 0.399597 1942.57 0.350869 1.85031e+07
Hyper 40000 0.927843 0.271699 0.420317 2046.92 0.287474 1.74865e+07
Coco 40000 0.968182 0.106076 0.191203 1572.47 0.647423 1.71143e+06
USS 40000 0.994286 0.0247581 0.0483132 1037.88 0.778801 483023
SPAO 50000 0.916113 0.313887 0.467571 1365.91 0.213163 2.24604e+07
HSSO 50000 0.927322 0.316804 0.472266 1276.6 0.22508 2.29003e+07
PLNO 50000 0.920193 0.312536 0.466596 1562.91 0.25807 1.90364e+07
Hyper 50000 0.924462 0.336084 0.492956 1282.54 0.222256 1.7445e+07
Coco 50000 0.969979 0.133324 0.234426 2007.87 0.679208 1.59521e+06
USS 50000 0.979911 0.0312322 0.060535 2144.24 0.696623 479416
SPAO 60000 0.924904 0.376779 0.535436 787.541 0.130214 2.37987e+07
HSSO 60000 0.919882 0.376565 0.534377 1092.11 0.146172 2.49044e+07
PLNO 60000 0.918871 0.37066 0.528237 1301.67 0.189633 1.97524e+07
Hyper 60000 0.920818 0.397126 0.554926 899.684 0.181343 1.90812e+07
Coco 60000 0.962565 0.159149 0.273138 1659.66 0.589266 1.6918e+06
USS 60000 0.975564 0.0369237 0.0711544 1934.04 0.693196 495366
SPAO 70000 0.913037 0.426508 0.581418 954.305 0.143201 2.35566e+07
HSSO 70000 0.91707 0.431133 0.586527 683.359 0.154366 2.49129e+07
PLNO 70000 0.918693 0.430065 0.585869 1008.4 0.169644 1.96165e+07
Hyper 70000 0.908554 0.448847 0.600857 945.564 0.174519 1.86964e+07
Coco 70000 0.961708 0.185828 0.311472 1351.44 0.557364 1.67643e+06
USS 70000 0.988636 0.0433267 0.0830153 1203.34 0.684326 496373
SPAO 80000 0.909288 0.47638 0.62521 683.169 0.13887 2.53446e+07
HSSO 80000 0.909091 0.478088 0.626632 800.444 0.193986 2.58832e+07
PLNO 80000 0.91572 0.481574 0.631201 877.825 0.22184 2.18909e+07
Hyper 80000 0.910618 0.505194 0.649858 666.681 0.140871 2.18151e+07
Coco 80000 0.960425 0.212365 0.347821 1385.56 0.566551 1.72016e+06
USS 80000 0.983193 0.0499431 0.0950575 1397.65 0.692579 516958
SPAO 90000 0.904559 0.52796 0.666757 672.128 0.117527 2.73239e+07
HSSO 90000 0.90785 0.52988 0.669182 574.231 0.116937 2.84015e+07
PLNO 90000 0.916277 0.530236 0.671744 490.721 0.133139 2.27536e+07
Hyper 90000 0.901903 0.546172 0.680344 739.215 0.134878 2.20211e+07
Coco 90000 0.953429 0.237408 0.380155 1580.61 0.579734 1.86648e+06
USS 90000 0.983709 0.055848 0.105695 805.655 0.748187 526514
SPAO 100000 0.908405 0.573634 0.703209 401.822 0.117289 2.74465e+07
HSSO 100000 0.905099 0.573349 0.702003 521.288 0.103127 2.89904e+07
PLNO 100000 0.911221 0.575413 0.70539 513.722 0.126369 2.35233e+07
Hyper 100000 0.901893 0.596471 0.718054 769.08 0.101047 2.19103e+07
Coco 100000 0.948499 0.260743 0.40904 1436.55 0.527516 1.79356e+06
USS 100000 0.96317 0.0613973 0.115436 1605.56 1.69838 523227
SPAO 200000 0.901975 0.805848 0.851206 69.7972 0.0381631 3.0269e+07
HSSO 200000 0.907143 0.804141 0.852542 82.4512 0.0279336 3.18048e+07
PLNO 200000 0.899759 0.797595 0.845603 139.787 0.0360512 2.5727e+07
Hyper 200000 0.906606 0.816306 0.85909 128.422 0.0319079 2.55969e+07
Coco 200000 0.928304 0.494664 0.64541 943.767 0.37347 1.94752e+06
USS 200000 0.965402 0.123079 0.218324 1548.72 0.594979 576612
SPAO 300000 0.906245 0.88368 0.89482 33.806 0.00992156 3.12711e+07
HSSO 300000 0.90481 0.883182 0.893865 17.869 0.00924312 3.3519e+07
PLNO 300000 0.906157 0.862834 0.883965 92.0992 0.0190351 2.74292e+07
Hyper 300000 0.905059 0.868099 0.886194 56.2907 0.0163198 2.62095e+07
Coco 300000 0.90081 0.648691 0.754239 801.707 0.247459 2.05834e+06
USS 300000 0.96503 0.184548 0.309842 1301.04 0.52695 625162
SPAO 400000 0.907708 0.891434 0.899497 18.3781 0.00438443 3.12501e+07
HSSO 400000 0.907469 0.890296 0.898801 62.763 0.00683011 3.33114e+07
PLNO 400000 0.904566 0.876636 0.890382 38.8051 0.00969124 2.72656e+07
Hyper 400000 0.904569 0.88745 0.895928 44.466 0.0123761 2.75857e+07
Coco 400000 0.897823 0.739542 0.811032 379.184 0.154362 2.1281e+06
USS 400000 0.962891 0.245518 0.39127 1062.85 0.513078 682641
SPAO 500000 0.906147 0.899829 0.902977 0.426008 0.0028033 3.26039e+07
HSSO 500000 0.90562 0.90111 0.903359 1.34099 0.00191312 3.43775e+07
PLNO 500000 0.905458 0.894636 0.900014 2.63803 0.00272324 2.79231e+07
Hyper 500000 0.906083 0.894351 0.900179 3.74209 0.00487991 2.68623e+07
Coco 500000 0.904603 0.810899 0.855192 227.274 0.105578 2.16324e+06
USS 500000 0.954241 0.304141 0.461265 1035.42 0.413108 735439
SPAO 600000 0.905523 0.902817 0.904168 2.6973 0.000503932 3.24748e+07
HSSO 600000 0.906665 0.903956 0.905308 1.16156 0.0013609 3.41933e+07
PLNO 600000 0.907129 0.8999 0.9035 9.48329 0.000913302 2.80863e+07
Hyper 600000 0.90656 0.896628 0.901567 1.62664 0.00318253 2.69316e+07
Coco 600000 0.906255 0.834946 0.86914 220.279 0.0845212 2.18261e+06
USS 600000 0.950149 0.363404 0.525731 952.572 0.39105 795891
SPAO 700000 0.907643 0.904027 0.905831 0.10889 5.92294e-05 3.32298e+07
HSSO 700000 0.907164 0.904454 0.905807 0.174498 0.00176855 3.53778e+07
PLNO 700000 0.905118 0.903315 0.904216 6.99588 0.00166157 2.83843e+07
Hyper 700000 0.907043 0.905236 0.906139 0.0775721 0.000290261 2.87048e+07
Coco 700000 0.900075 0.856147 0.877561 241.528 0.0680234 2.11724e+06
USS 700000 0.949298 0.423591 0.585793 702.594 0.317307 819961
SPAO 800000 0.907164 0.904454 0.905807 35.6435 0.00149166 3.30302e+07
HSSO 800000 0.907164 0.904454 0.905807 0.323445 0.000542983 3.54611e+07
PLNO 800000 0.906384 0.900968 0.903668 2.46599 0.00175909 2.89648e+07
Hyper 800000 0.9069 0.905094 0.905996 9.75694 0.00068336 2.85408e+07
Coco 800000 0.900765 0.871158 0.885714 101.783 0.0393553 2.23955e+06
USS 800000 0.944057 0.481431 0.637674 840.736 0.294969 821119
SPAO 900000 0.906993 0.90609 0.906541 0.0637512 0.000513671 3.35909e+07
HSSO 900000 0.906993 0.90609 0.906541 0.0461161 9.78357e-05 3.57649e+07
PLNO 900000 0.906736 0.904027 0.905379 0.830224 0.000625875 2.94616e+07
Hyper 900000 0.907207 0.906303 0.906755 0.0530719 0.000328289 2.85294e+07
Coco 900000 0.90503 0.880692 0.892695 126.369 0.0373892 2.30474e+06
USS 900000 0.936508 0.537279 0.682821 722.083 0.260044 833350
SPAO 1000000 0.906944 0.906944 0.906944 0.379466 0.000741787 3.36773e+07
HSSO 1000000 0.906851 0.905948 0.906399 0.116513 0.000630982 3.58768e+07
PLNO 1000000 0.906851 0.905948 0.906399 0.295868 8.83547e-05 2.87243e+07
Hyper 1000000 0.906972 0.905165 0.906068 1.8594 0.00116643 2.74141e+07
Coco 1000000 0.906241 0.886383 0.896202 91.0461 0.0240387 2.28104e+06
USS 1000000 0.932249 0.595191 0.726531 707.618 0.23386 829450
