SPAO 10000 0.939076 0.0636027 0.119136 6782.04 0.506879 1.70733e+07
HSSO 10000 0.940126 0.0636739 0.11927 2930.6 0.532122 1.68652e+07
PLNO 10000 0.941176 0.063745 0.119403 4841.25 0.528175 1.45427e+07
Hyper 10000 0.944444 0.0677291 0.126394 3558.23 0.465963 1.06746e+07
Coco 10000 0.997253 0.0258253 0.0503467 852.53 0.79354 1.41869e+06
USS 10000 0.988095 0.00590495 0.0117397 1692.09 0.851812 478768
SPAO 20000 0.948004 0.128415 0.22619 3092.93 0.341734 1.89639e+07
HSSO 20000 0.945378 0.128059 0.225564 2791.03 0.34991 1.95054e+07
PLNO 20000 0.942752 0.127703 0.224937 2405.02 0.41437 1.58499e+07
Hyper 20000 0.933464 0.135743 0.237019 3336.64 0.340171 1.29243e+07
Coco 20000 0.978836 0.0526466 0.099919 1555.81 0.768273 1.54279e+06
USS 20000 0.988095 0.0118099 0.0233408 2345.3 0.835774 497024
SPAO 30000 0.932423 0.189456 0.314924 2566.95 0.279071 2.10892e+07
HSSO 30000 0.935224 0.190026 0.31587 2418.15 0.309886 2.1473e+07
PLNO 30000 0.938627 0.192587 0.319599 2566.92 0.441812 1.73192e+07
Hyper 30000 0.937338 0.205393 0.336951 2383.5 0.364897 1.6095e+07
Coco 30000 0.972125 0.0793967 0.146803 1769.38 0.733448 1.63353e+06
USS 30000 0.988722 0.0187109 0.0367267 1505.09 0.809213 483574
SPAO 40000 0.934086 0.253059 0.398231 1571.38 0.24964 2.18148e+07
HSSO 40000 0.939076 0.254411 0.400358 1293.54 0.237531 2.22511e+07
PLNO 40000 0.923339 0.251067 0.394787 2171.51 0.286049 1.8055e+07
Hyper 40000 0.920554 0.269565 0.417015 1792.8 0.283574 1.77677e+07
Coco 40000 0.97987 0.107356 0.193511 1113.39 0.639076 1.69517e+06
USS 40000 0.985714 0.0245447 0.0478967 1184.06 0.79086 478164
SPAO 50000 0.923157 0.315381 0.470145 943.051 0.208851 2.26103e+07
HSSO 50000 0.932945 0.318725 0.47513 1444.39 0.205532 2.26619e+07
PLNO 50000 0.916351 0.309405 0.46261 1451.91 0.242809 1.94126e+07
Hyper 50000 0.923302 0.336582 0.493326 1192.54 0.304895 1.79192e+07
Coco 50000 0.962733 0.132328 0.232675 1762.16 0.632159 1.56363e+06
USS 50000 0.991071 0.0315879 0.0612245 835.624 0.733349 479522
SPAO 60000 0.926996 0.376707 0.535714 1014.05 0.180186 2.42295e+07
HSSO 60000 0.923681 0.376281 0.534729 967.026 0.16048 2.44452e+07
PLNO 60000 0.925195 0.370447 0.529059 1275.65 0.203277 1.90892e+07
Hyper 60000 0.919828 0.396699 0.554329 1489.91 0.190095 1.76545e+07
Coco 60000 0.971601 0.160643 0.275702 1685.74 0.602047 1.69164e+06
USS 60000 0.983083 0.0372083 0.0717028 1645.39 0.671589 481759
SPAO 70000 0.918237 0.429852 0.585579 1001.29 0.158835 2.52881e+07
HSSO 70000 0.919643 0.432342 0.588173 795.955 0.191984 2.60493e+07
PLNO 70000 0.923371 0.429496 0.586287 899.424 0.174871 2.1634e+07
Hyper 70000 0.911216 0.451978 0.604242 884.374 0.192188 1.97564e+07
Coco 70000 0.963549 0.186184 0.312068 1895.64 0.699067 1.69838e+06
USS 70000 0.978896 0.0428998 0.0821974 1409.62 0.712199 497766
SPAO 80000 0.912319 0.475242 0.624942 828.92 0.126655 2.56613e+07
HSSO 80000 0.916078 0.479937 0.629879 1109.61 0.133789 2.66838e+07
PLNO 80000 0.909767 0.478443 0.627098 990.219 0.150103 2.19575e+07
Hyper 80000 0.91129 0.506474 0.651088 835.547 0.150923 2.17458e+07
Coco 80000 0.96332 0.213005 0.34887 1487.16 0.614505 1.68519e+06
USS 80000 0.983193 0.0499431 0.0950575 1139.98 0.664474 512508
SPAO 90000 0.907362 0.529596 0.668823 637.55 0.0879532 2.70027e+07
HSSO 90000 0.9068 0.527462 0.666967 603.077 0.102893 2.81923e+07
PLNO 90000 0.916791 0.525968 0.668445 667.905 0.127895 2.27708e+07
Hyper 90000 0.906756 0.550014 0.684705 707.285 0.127595 2.19922e+07
Coco 90000 0.954571 0.237692 0.380611 1277.02 0.561187 1.83417e+06
USS 90000 0.983709 0.055848 0.105695 1602.24 0.677391 517314
SPAO 100000 0.910911 0.576124 0.705831 394.487 0.118129 2.72827e+07
HSSO 100000 0.906818 0.575341 0.704013 545.609 0.0969468 2.88571e+07
PLNO 100000 0.909306 0.574203 0.703907 551.138 0.125964 2.29158e+07
Hyper 100000 0.899701 0.598606 0.7189 374.863 0.0952445 2.20093e+07
Coco 100000 0.951087 0.261454 0.410156 1453.55 0.535097 1.78564e+06
USS 100000 0.984375 0.062749 0.117978 1831.31 0.631443 526717
SPAO 200000 0.900896 0.801295 0.848181 157.601 0.0335203 3.01933e+07
HSSO 200000 0.905267 0.806986 0.853306 69.719 0.0338592 3.17141e+07
PLNO 200000 0.898132 0.793469 0.842563 167.608 0.0267493 2.57988e+07
Hyper 200000 0.903607 0.816306 0.857741 111.119 0.0328158 2.55928e+07
Coco 200000 0.930444 0.494878 0.646108 1019.17 0.330535 1.93612e+06
USS 200000 0.976004 0.124431 0.220722 1659.55 0.598791 582950
SPAO 300000 0.906195 0.884533 0.895233 10.8738 0.0111391 3.15128e+07
HSSO 300000 0.905781 0.885031 0.895286 13.178 0.00570229 3.3792e+07
PLNO 300000 0.906129 0.864613 0.884884 83.8746 0.0179036 2.74334e+07
Hyper 300000 0.903077 0.8644 0.883315 44.0776 0.0158064 2.63371e+07
Coco 300000 0.908884 0.6536 0.760387 671.36 0.226061 2.02803e+06
USS 300000 0.969122 0.18533 0.311156 1095.7 0.511554 635405
SPAO 400000 0.907832 0.890652 0.89916 6.43709 0.00318286 3.16309e+07
HSSO 400000 0.906962 0.889798 0.898298 28.2139 0.00616387 3.42072e+07
PLNO 400000 0.903612 0.875711 0.889443 35.4789 0.0040241 2.78853e+07
Hyper 400000 0.906499 0.89115 0.898759 4.98506 0.00529583 2.78045e+07
Coco 400000 0.895181 0.74004 0.810251 737.023 0.15856 2.12174e+06
USS 400000 0.967076 0.246585 0.392971 866.546 0.514767 683200
SPAO 500000 0.907322 0.899189 0.903237 0.854573 0.000897227 3.31743e+07
HSSO 500000 0.905525 0.900114 0.902811 1.56047 0.00208495 3.41359e+07
PLNO 500000 0.904546 0.894636 0.899564 2.75538 0.00149643 2.82088e+07
Hyper 500000 0.907092 0.895347 0.901182 10.9649 0.00419356 2.70958e+07
Coco 500000 0.902155 0.804212 0.850372 241.531 0.111248 2.15528e+06
USS 500000 0.947545 0.302006 0.458028 1183.54 0.406504 714678
SPAO 600000 0.905808 0.903102 0.904453 2.88899 0.00219105 3.21091e+07
HSSO 600000 0.906379 0.903671 0.905023 6.22371 0.0010438 3.43176e+07
PLNO 600000 0.9072 0.899972 0.903571 5.2292 0.00151733 2.79161e+07
Hyper 600000 0.90661 0.895774 0.901159 41.7496 0.00370651 2.74925e+07
Coco 600000 0.907213 0.834021 0.869079 144.143 0.0717265 2.1884e+06
USS 600000 0.950521 0.363546 0.525937 1047.25 0.566555 800502
SPAO 700000 0.907643 0.904027 0.905831 0.262256 0.000185245 3.1217e+07
HSSO 700000 0.907643 0.904027 0.905831 0.098008 6.34089e-05 3.28074e+07
PLNO 700000 0.905261 0.903458 0.904358 2.04904 0.00253099 2.5733e+07
Hyper 700000 0.907043 0.905236 0.906139 0.254261 0.000114088 2.65559e+07
Coco 700000 0.897617 0.85202 0.874224 158.142 0.0576041 2.11493e+06
USS 700000 0.943878 0.421172 0.582448 1127.53 0.331733 770083
SPAO 800000 0.907022 0.904311 0.905664 3.88838 0.000453799 3.21949e+07
HSSO 800000 0.907164 0.904454 0.905807 0.827964 0.000499346 3.40445e+07
PLNO 800000 0.907007 0.900683 0.903834 1.41071 0.00041083 2.76171e+07
Hyper 800000 0.907043 0.905236 0.906139 3.14214 0.00124539 2.86355e+07
Coco 800000 0.90567 0.875 0.890071 154.905 0.0457779 2.13553e+06
USS 800000 0.945033 0.481929 0.638334 761.26 0.294361 826902
SPAO 900000 0.906993 0.90609 0.906541 0.0544645 0.0010151 3.36284e+07
HSSO 900000 0.906993 0.90609 0.906541 0.0559204 0.000343641 3.58189e+07
PLNO 900000 0.906736 0.904027 0.905379 5.61892 0.00225496 2.93278e+07
Hyper 900000 0.907207 0.906303 0.906755 0.0139862 0.000200823 2.89681e+07
Coco 900000 0.904884 0.880549 0.892551 73.8257 0.0325704 2.31579e+06
USS 900000 0.935888 0.536924 0.682369 746.78 0.267766 829022
SPAO 1000000 0.906851 0.905948 0.906399 0.0126113 2.74735e-05 3.36434e+07
HSSO 1000000 0.906851 0.905948 0.906399 0.0126113 2.74735e-05 3.5938e+07
PLNO 1000000 0.9069 0.905094 0.905996 0.269561 9.08819e-05 2.86106e+07
Hyper 1000000 0.905854 0.904952 0.905403 4.02847 0.000408707 2.76595e+07
Coco 1000000 0.908174 0.883751 0.895796 69.8324 0.0279967 2.26243e+06
USS 1000000 0.934255 0.596471 0.728094 684.623 0.233648 841936
