SPAO 10000 1 0.0397099 0.0763865 2.02735e+06 63.5967 110.832 29.012 1.87327e+07
HSSO 10000 1 0.0397225 0.0764097 1.71429e+06 23.5725 26.1207 4.64648 1.72507e+07
PLNO 10000 1 0.0400841 0.0770785 1.72454e+06 187.552 118.517 64.7068 1.68844e+07
Hyper 10000 1 0.0405085 0.0778628 1.67699e+06 379.729 126.297 87.0047 1.26144e+07
Coco 10000 1 0.0357293 0.0689934 6.69756e+06 504.38 0.390396 0.0570267 940758
USS 10000 1 0.0339323 0.0656374 4.80312e+07 3899.92 1.35195e-05 2.42205e-05 319006
SPAO 10000 1 0.0396096 0.0762008 1.74006e+06 548.821 114.312 178.072 1.86226e+07
HSSO 10000 1 0.0396787 0.0763287 1.78765e+06 298.902 139.061 102.641 1.69263e+07
PLNO 10000 1 0.0400529 0.0770209 1.64509e+06 117.3 107.954 168.51 1.71611e+07
Hyper 10000 1 0.0404646 0.0777817 1.55719e+06 51.8038 86.3672 44.7547 1.2682e+07
Coco 10000 1 0.0357293 0.0689934 6.58267e+06 373.903 0.199577 0.050449 934024
USS 10000 1 0.0339323 0.0656374 4.33449e+07 1464.86 0.000145994 5.55677e-05 324060
SPAO 10000 1 0.0397225 0.0764097 1.65041e+06 78.7608 88.958 32.7073 1.77905e+07
HSSO 10000 1 0.0396973 0.0763633 1.88708e+06 105.779 48.9183 40.5006 1.57099e+07
PLNO 10000 1 0.0400091 0.0769399 1.67483e+06 280.267 215.381 152.951 1.58444e+07
Hyper 10000 1 0.0404647 0.077782 1.40651e+06 28.8506 32.8167 36.9855 1.24322e+07
Coco 10000 1 0.0357293 0.0689934 6.33412e+06 457.343 0.213791 0.0508205 935323
USS 10000 1 0.0339323 0.0656374 4.40335e+07 84.3158 0.000840121 9.66234e-05 328086
SPAO 10000 0.998112 0.0396787 0.0763233 1.74576e+06 397.325 175.489 191.203 1.92404e+07
HSSO 10000 1 0.0397225 0.0764097 1.72346e+06 77.0553 61.2906 13.2759 1.66965e+07
PLNO 10000 1 0.040059 0.0770322 1.64817e+06 330.662 170.131 178.222 1.68191e+07
Hyper 10000 1 0.0404646 0.0777819 1.69312e+06 241.95 84.5911 40.994 1.20316e+07
Coco 10000 1 0.0357293 0.0689934 6.41342e+06 313.221 0.392684 0.0591522 912576
USS 10000 1 0.0339323 0.0656374 4.62804e+07 411.579 0.00133135 0.000126991 321958
SPAO 10000 1 0.0396347 0.0762473 1.69466e+06 65.7236 87.9675 89.3511 1.89088e+07
HSSO 10000 1 0.0397225 0.0764097 1.88733e+06 49.0752 111.157 41.1479 1.69155e+07
PLNO 10000 1 0.0400717 0.0770556 1.58998e+06 124.782 56.0927 83.8639 1.75011e+07
Hyper 10000 1 0.0405211 0.0778862 1.41742e+06 42.9042 62.0024 9.44231 1.237e+07
Coco 10000 1 0.0357293 0.0689934 6.33661e+06 417.356 0.148331 0.0405478 903305
USS 10000 1 0.0339323 0.0656374 4.33384e+07 2753.19 0.000774215 7.18263e-05 325663
SPAO 20000 1 0.0468977 0.0895937 670003 44.4856 38.2628 17.4326 1.95619e+07
HSSO 20000 0.999105 0.0468474 0.0894983 569683 72.192 44.5575 23.7259 1.82144e+07
PLNO 20000 0.999131 0.0472092 0.0901584 580642 72.4192 35.3157 15.8739 1.76159e+07
Hyper 20000 1 0.0475834 0.0908441 664753 50.0468 35.6024 14.7577 1.46273e+07
Coco 20000 1 0.0385245 0.0741908 2.04986e+06 162.88 0.366168 0.0540301 953267
USS 20000 1 0.0345313 0.0667574 1.66148e+07 609.37 0.00210708 0.000235828 319533
SPAO 20000 1 0.0467786 0.0893762 630729 62.9787 29.3642 14.2894 1.9637e+07
HSSO 20000 1 0.0467662 0.0893537 654797 79.0213 51.27 27.6588 1.84175e+07
PLNO 20000 1 0.0472654 0.0902644 653745 120.628 26.2594 8.78063 1.75266e+07
Hyper 20000 1 0.0476713 0.0910043 820072 46.5628 46.9371 41.9931 1.49705e+07
Coco 20000 1 0.0385245 0.0741908 2.14224e+06 216.071 0.397106 0.0617459 976629
USS 20000 1 0.0345313 0.0667574 1.672e+07 205.163 0.00110311 0.000223621 315968
SPAO 20000 1 0.0467787 0.0893765 635749 60.2494 42.5174 37.8566 1.95925e+07
HSSO 20000 0.996439 0.0467729 0.0893516 643227 91.4099 44.6661 21.8813 1.81169e+07
PLNO 20000 1 0.0472092 0.090162 702037 66.5523 35.5999 14.2304 1.74903e+07
Hyper 20000 1 0.0476586 0.0909811 615081 70.936 39.2119 21.6713 1.57572e+07
Coco 20000 0.997676 0.038512 0.0741612 2.15377e+06 191.844 0.458887 0.0634895 986136
USS 20000 1 0.0345313 0.0667574 1.71937e+07 1035.33 0.00227156 0.000264121 315829
SPAO 20000 0.99689 0.0468165 0.089433 682152 81.7974 36.6721 23.867 1.9131e+07
HSSO 20000 0.99061 0.0465224 0.0888711 591923 142.551 57.4388 50.271 1.84134e+07
PLNO 20000 0.995659 0.0471216 0.0899846 636660 91.1912 35.3944 20.6352 1.6372e+07
Hyper 20000 1 0.0476586 0.0909811 634541 63.5422 35.9864 18.2671 1.50995e+07
Coco 20000 1 0.0385245 0.0741908 2.01671e+06 158.429 0.379553 0.0645271 992974
USS 20000 1 0.0345313 0.0667574 1.68224e+07 247.203 8.68201e-05 0.000187102 319989
SPAO 20000 1 0.0467849 0.0893878 601432 50.2427 38.3175 27.8544 1.88079e+07
HSSO 20000 1 0.0467722 0.0893646 627657 34.3671 28.9488 8.85654 1.69482e+07
PLNO 20000 1 0.0473095 0.0903449 601676 31.9641 43.5047 22.1821 1.62579e+07
Hyper 20000 1 0.0476461 0.0909584 634585 56.6843 43.95 11.9217 1.40867e+07
Coco 20000 1 0.0385245 0.0741908 2.02312e+06 199.37 0.245657 0.0553141 945265
USS 20000 1 0.0345313 0.0667574 1.5913e+07 305.046 0.00158843 0.00027174 316578
SPAO 30000 1 0.0538221 0.102146 346792 43.5196 20.281 19.9135 2.07014e+07
HSSO 30000 1 0.054098 0.102643 340999 22.0516 24.8239 7.60091 1.93096e+07
PLNO 30000 1 0.054178 0.102787 353875 47.6765 24.0511 26.1454 1.90788e+07
Hyper 30000 0.998593 0.0547946 0.103889 354014 76.5924 25.9226 21.457 1.46472e+07
Coco 30000 1 0.0409204 0.0786235 1.09134e+06 104.058 0.286002 0.0502712 947647
USS 30000 1 0.0351303 0.067876 9.26255e+06 402.418 0.00165035 0.000321216 318699
SPAO 30000 1 0.053885 0.10226 350665 39.3662 23.6698 12.1132 2.0424e+07
HSSO 30000 0.994769 0.0539605 0.102368 323820 36.0694 23.8513 15.4963 1.92975e+07
PLNO 30000 1 0.0542778 0.102967 430017 48.1584 42.3285 23.3056 1.87772e+07
Hyper 30000 1 0.0550453 0.104347 332398 25.3963 27.112 16.0575 1.52618e+07
Coco 30000 1 0.0409204 0.0786235 1.11189e+06 150.638 0.279377 0.0530622 943789
USS 30000 1 0.0351303 0.067876 9.34356e+06 496.065 0.00257067 0.000336462 319314
SPAO 30000 1 0.0540729 0.102598 328927 26.1584 25.5473 16.7078 2.05953e+07
HSSO 30000 1 0.0539352 0.10235 351317 52.4142 23.2024 12.6926 1.902e+07
PLNO 30000 0.998002 0.0541908 0.1028 363161 41.069 23.941 11.7237 1.90125e+07
Hyper 30000 1 0.0552834 0.104775 320974 33.957 22.5579 9.4164 1.5186e+07
Coco 30000 1 0.0409204 0.0786235 1.11616e+06 120.26 0.231051 0.0472929 946511
USS 30000 1 0.0351303 0.067876 9.4395e+06 343.484 0.0014404 0.000293158 324634
SPAO 30000 0.992978 0.053729 0.101942 348489 67.2793 33.0391 37.2761 2.09701e+07
HSSO 30000 1 0.0539163 0.102316 355898 35.0619 32.3571 15.7185 1.89425e+07
PLNO 30000 1 0.0543154 0.103034 351894 33.217 22.5938 11.9563 1.89039e+07
Hyper 30000 1 0.0552645 0.104741 371778 16.9021 19.0741 8.52151 1.51314e+07
Coco 30000 1 0.0409204 0.0786235 1.1294e+06 124.148 0.402573 0.0607817 975248
USS 30000 1 0.0351303 0.067876 9.31029e+06 838.828 0.00173548 0.000240055 316946
SPAO 30000 1 0.0539913 0.102451 346621 46.7328 24.4507 15.7496 2.0946e+07
HSSO 30000 0.995304 0.0537353 0.101966 312541 53.9282 24.1056 13.3777 1.89374e+07
PLNO 30000 0.999422 0.0543847 0.103156 364852 29.0787 29.1359 16.5786 1.8422e+07
Hyper 30000 0.999725 0.0552897 0.104784 368811 45.945 20.6306 8.38966 1.50081e+07
Coco 30000 0.999205 0.0409142 0.0786096 1.11447e+06 120.025 0.286169 0.0498507 972982
USS 30000 1 0.0351303 0.067876 9.42558e+06 931.949 0.00177123 0.000508866 315045
SPAO 40000 1 0.0609974 0.114981 260446 30.7916 20.0422 11.1725 2.13178e+07
HSSO 40000 1 0.0611416 0.115237 253744 26.4259 16.7198 12.023 1.92402e+07
PLNO 40000 1 0.0615097 0.115891 233032 18.6614 15.269 10.0838 1.88317e+07
Hyper 40000 1 0.0622208 0.117152 240105 30.2642 19.2439 11.2719 1.67229e+07
Coco 40000 0.998257 0.043697 0.0837289 703355 92.5239 0.242313 0.0486953 1.03664e+06
USS 40000 1 0.0357293 0.0689934 6.00019e+06 320.887 0.00254408 0.000416008 335729
SPAO 40000 1 0.0610284 0.115036 259434 44.9518 18.2272 10.7357 2.0349e+07
HSSO 40000 0.996737 0.0609851 0.114938 279048 42.6159 21.1207 16.7819 1.87417e+07
PLNO 40000 0.999359 0.0613906 0.115675 191659 27.7457 22.3186 14.6019 1.93664e+07
Hyper 40000 1 0.0619637 0.116696 261284 45.1375 19.1207 13.1126 1.64617e+07
Coco 40000 1 0.0437157 0.0837693 704872 76.4953 0.247435 0.046683 1.00865e+06
USS 40000 1 0.0357293 0.0689934 6.01353e+06 508.429 0.00176475 0.000438202 338635
SPAO 40000 1 0.0609408 0.114881 253501 24.2854 17.6361 8.50178 2.06209e+07
HSSO 40000 1 0.0610285 0.115036 253304 33.5254 18.2438 12.219 1.88826e+07
PLNO 40000 0.993118 0.0610474 0.115024 226747 45.3355 18.7539 19.0089 1.88213e+07
Hyper 40000 0.998305 0.0617946 0.116385 219007 38.4875 14.9811 8.71972 1.68243e+07
Coco 40000 0.999419 0.0437094 0.0837558 709810 99.1469 0.259405 0.0513014 1.00421e+06
USS 40000 1 0.0357293 0.0689934 6.0938e+06 341.591 0.00235476 0.0003525 336364
SPAO 40000 0.99694 0.0608349 0.114672 268410 36.5517 14.2025 8.55566 2.097e+07
HSSO 40000 0.999781 0.0610351 0.115047 272441 27.378 17.4495 10.8693 1.88229e+07
PLNO 40000 0.997614 0.0611968 0.11532 213128 30.8664 16.7058 5.96292 1.82101e+07
Hyper 40000 1 0.0621639 0.117051 224018 29.0317 15.8833 11.8626 1.68278e+07
Coco 40000 0.999419 0.0437094 0.0837558 691546 82.1754 0.28903 0.0528837 1.04193e+06
USS 40000 1 0.0357293 0.0689934 5.91434e+06 621.424 0.003353 0.000487048 336098
SPAO 40000 1 0.0609289 0.11486 290727 32.9927 20.0539 10.6719 2.07007e+07
HSSO 40000 1 0.06101 0.115004 261994 20.6292 18.7985 7.90683 1.88578e+07
PLNO 40000 0.999571 0.0614781 0.115832 213795 25.7802 16.9863 7.60423 1.92123e+07
Hyper 40000 0.997691 0.061982 0.116713 241392 36.263 16.0999 14.8333 1.66037e+07
Coco 40000 1 0.0437157 0.0837693 728586 93.8332 0.270538 0.0533233 1.03673e+06
USS 40000 1 0.0357293 0.0689934 5.93058e+06 480.606 0.00249139 0.000497929 334813
SPAO 50000 0.999476 0.0680164 0.127365 177573 21.9866 16.2858 6.9118 2.14363e+07
HSSO 50000 0.999485 0.0682605 0.127793 157772 26.841 12.0971 8.25181 1.99129e+07
PLNO 50000 0.998956 0.0680914 0.127493 167774 20.7233 14.4278 8.32367 1.957e+07
Hyper 50000 0.999496 0.0692576 0.129539 173155 15.8497 16.0677 6.00755 1.71076e+07
Coco 50000 0.999528 0.0461052 0.0881446 569574 86.0316 0.326464 0.061798 990786
USS 50000 1 0.0363282 0.0701095 4.19912e+06 334.689 0.00300761 0.000511373 332342
SPAO 50000 0.999308 0.0681101 0.127528 166493 31.4399 15.8424 10.6737 2.15453e+07
HSSO 50000 0.99775 0.0679728 0.127275 170719 31.9624 16.1342 7.32364 1.98092e+07
PLNO 50000 0.999828 0.0682601 0.127795 172111 18.4761 12.41 5.66943 1.97642e+07
Hyper 50000 0.998663 0.0692958 0.129599 176804 27.3249 12.9787 6.98603 1.74132e+07
Coco 50000 0.999056 0.0460991 0.0881315 573308 68.4008 0.394363 0.0642235 996695
USS 50000 1 0.0363282 0.0701095 4.18897e+06 449.068 0.00266595 0.000506419 330385
SPAO 50000 0.999826 0.0682478 0.127774 188881 25.2055 16.9694 7.69717 2.12794e+07
HSSO 50000 1 0.0680725 0.127468 174554 19.2507 14.9797 8.34314 2.01921e+07
PLNO 50000 0.999824 0.0679028 0.127169 163239 22.2463 13.0014 8.12963 1.92539e+07
Hyper 50000 0.999324 0.0689131 0.128935 157648 24.8802 14.2497 7.12668 1.77339e+07
Coco 50000 1 0.0461116 0.088158 549947 71.1571 0.320488 0.0576378 1.02801e+06
USS 50000 1 0.0363282 0.0701095 4.18009e+06 273.184 0.00298102 0.000487817 329295
SPAO 50000 0.999826 0.0682356 0.127752 175210 26.1376 14.9155 10.3051 2.07135e+07
HSSO 50000 0.996361 0.0680224 0.127351 158556 37.5274 12.6761 9.55498 2.01656e+07
PLNO 50000 0.998964 0.0681039 0.127514 196122 35.7492 16.4726 10.7662 1.94334e+07
Hyper 50000 0.999492 0.0691888 0.129419 173114 26.5891 17.9427 8.30203 1.74935e+07
Coco 50000 0.998584 0.0460929 0.0881185 545412 69.9984 0.314412 0.0602857 1.02558e+06
USS 50000 1 0.0363282 0.0701095 4.0292e+06 232.936 0.00321491 0.000605801 331282
SPAO 50000 0.998269 0.068135 0.127563 188571 26.1529 15.4716 7.10548 1.99248e+07
HSSO 50000 0.999656 0.068204 0.127696 174429 23.6677 12.7306 6.56502 1.8801e+07
PLNO 50000 1 0.0681162 0.127545 169018 20.8193 13.4133 5.99924 1.83326e+07
Hyper 50000 0.998995 0.0692638 0.129546 152351 23.8532 12.5984 9.89718 1.65634e+07
Coco 50000 0.999528 0.0461053 0.0881447 548683 50.8363 0.381482 0.0616515 1.01754e+06
USS 50000 1 0.0363282 0.0701095 4.33334e+06 409.567 0.00275816 0.00071785 329968
SPAO 60000 0.998849 0.0751849 0.139843 140315 19.6103 11.4088 4.15978 2.12304e+07
HSSO 60000 0.998992 0.0751916 0.139857 124356 21.5927 10.7212 7.66793 2.05421e+07
PLNO 60000 0.998986 0.0750781 0.13966 115364 20.6468 11.7567 7.45198 2.07411e+07
Hyper 60000 0.999446 0.0769015 0.142814 122048 16.7791 10.2222 6.70285 1.73858e+07
Coco 60000 0.999613 0.0489006 0.0932399 383825 63.1512 0.218711 0.0433591 1.03575e+06
USS 60000 1 0.0369272 0.0712243 3.23511e+06 259.648 0.00266161 0.000669158 340736
SPAO 60000 0.999133 0.0750976 0.139695 108008 18.6313 11.3008 8.19518 2.1516e+07
HSSO 60000 0.999275 0.0751724 0.139826 129401 17.5205 9.66325 5.53066 2.03981e+07
PLNO 60000 0.993246 0.0750044 0.139476 139744 26.0655 12.8577 8.68967 1.99469e+07
Hyper 60000 0.999718 0.0765003 0.142125 117826 19.7201 9.20991 7.46062 1.75863e+07
Coco 60000 0.999225 0.0488943 0.0932269 378309 58.8483 0.255705 0.0462562 1.07e+06
USS 60000 1 0.0369272 0.0712243 3.12246e+06 188.839 0.00487611 0.000628863 341332
SPAO 60000 0.999711 0.0750529 0.139624 130737 25.9599 9.47835 8.17631 2.14012e+07
HSSO 60000 0.995958 0.0749536 0.139415 131806 28.087 10.5651 9.73714 2.04298e+07
PLNO 60000 0.999125 0.0747836 0.139152 135537 26.9541 11.6988 9.02357 2.05079e+07
Hyper 60000 0.99986 0.0767948 0.142635 118798 17.05 11.7851 8.16371 1.74696e+07
Coco 60000 0.999225 0.0488943 0.0932268 373010 61.7819 0.293273 0.0495106 1.06701e+06
USS 60000 0.998322 0.036921 0.0712084 3.19329e+06 252.692 0.00433997 0.000632452 338376
SPAO 60000 0.998138 0.075361 0.140141 139167 14.7435 8.61161 5.20648 2.13965e+07
HSSO 60000 0.99928 0.0750659 0.139642 130849 20.1731 9.84611 5.38195 1.95979e+07
PLNO 60000 1 0.0750408 0.139606 136713 16.6504 10.0199 5.12582 1.90877e+07
Hyper 60000 0.99915 0.0764378 0.142011 133457 27.5474 11.8331 8.81057 1.58772e+07
Coco 60000 0.999225 0.0488944 0.093227 377052 52.8363 0.270609 0.0555571 1.04556e+06
USS 60000 1 0.0369272 0.0712243 3.17656e+06 194.526 0.00424421 0.000756625 341777
SPAO 60000 0.999854 0.075204 0.139886 129125 19.5202 11.4065 6.84321 2.16491e+07
HSSO 60000 0.99784 0.0750413 0.139585 145825 34.6824 10.2501 7.85288 2.02443e+07
PLNO 60000 1 0.07511 0.139725 129314 17.8194 11.467 7.50041 1.99715e+07
Hyper 60000 0.999158 0.0765629 0.142227 130852 29.758 11.2808 7.99375 1.73415e+07
Coco 60000 0.999613 0.0489006 0.09324 377793 64.4776 0.313223 0.0525121 1.03097e+06
USS 60000 0.998322 0.0369209 0.0712083 3.30089e+06 148.487 0.00315387 0.000534722 335976
SPAO 70000 0.998882 0.0819467 0.151467 101568 15.8253 10.2885 8.61281 2.1675e+07
HSSO 70000 0.998168 0.082348 0.152144 100643 14.2213 8.46991 5.45199 2.04925e+07
PLNO 70000 0.999753 0.0822531 0.152001 123477 18.6593 11.0873 7.80044 2.09582e+07
Hyper 70000 0.999762 0.0840889 0.15513 89315 11.9619 8.28708 4.30488 1.82605e+07
Coco 70000 0.998993 0.051284 0.0975597 306757 47.2232 0.356994 0.0639471 1.01265e+06
USS 70000 1 0.0375262 0.0723378 2.54394e+06 182.621 0.00490838 0.00067924 343277
SPAO 70000 0.998765 0.0823098 0.152086 97415.9 15.1079 8.80329 6.25078 2.07695e+07
HSSO 70000 0.996791 0.0821099 0.151722 115532 20.5456 10.2338 6.77054 2.06713e+07
PLNO 70000 0.998512 0.0818782 0.151346 124650 22.0413 10.2308 8.2575 2.09595e+07
Hyper 70000 1 0.0835806 0.154268 94813.2 15.7263 8.98288 6.9795 1.82348e+07
Coco 70000 0.998993 0.0512839 0.0975596 321839 51.7952 0.364428 0.0696683 1.00704e+06
USS 70000 0.998562 0.0375199 0.0723223 2.53627e+06 244.109 0.00316017 0.000563512 347385
SPAO 70000 0.998887 0.0819218 0.151425 112877 19.1383 8.08234 5.96372 2.19894e+07
HSSO 70000 0.999751 0.0820776 0.151701 95397.8 18.585 8.68146 4.88539 2.07548e+07
PLNO 70000 0.997915 0.0823046 0.152067 103552 17.5672 8.42694 5.92085 2.04746e+07
Hyper 70000 0.99845 0.0838637 0.154731 111345 19.2364 8.09718 5.29613 1.83769e+07
Coco 70000 0.998322 0.0512716 0.0975341 307368 50.624 0.346175 0.0624406 979512
USS 70000 1 0.0375262 0.0723378 2.53075e+06 189.081 0.00561636 0.00084874 326885
SPAO 70000 0.999752 0.0819154 0.151424 108206 20.0148 9.54918 7.37234 2.00725e+07
HSSO 70000 0.998402 0.0821032 0.151729 107785 15.5288 8.13416 5.1596 1.84314e+07
PLNO 70000 0.998647 0.0821916 0.151883 104236 18.4524 10.0647 6.85809 1.87674e+07
Hyper 70000 0.997241 0.083544 0.154172 91719.7 15.9776 7.60815 5.1411 1.65919e+07
Coco 70000 1 0.0513027 0.0975984 308291 46.2716 0.326496 0.054762 890101
USS 70000 1 0.0375262 0.0723378 2.49071e+06 234.653 0.00603273 0.000848571 303824
SPAO 70000 0.998638 0.0819028 0.151389 106169 20.7709 9.64169 6.34611 1.97339e+07
HSSO 70000 0.998634 0.0819348 0.151444 107863 17.587 9.48503 6.83058 1.80017e+07
PLNO 70000 0.999136 0.0820661 0.151674 103104 21.8327 9.76399 9.74454 1.83065e+07
Hyper 70000 0.99916 0.0834128 0.153972 86342.9 16.8127 8.60118 6.70052 1.60956e+07
Coco 70000 0.998657 0.0512778 0.0975469 301068 46.467 0.32044 0.0563021 870895
USS 70000 1 0.0375262 0.0723378 2.54549e+06 181.9 0.00401137 0.000592433 303680
SPAO 80000 0.997413 0.0890662 0.16353 90516.6 18.3578 6.89079 4.72136 1.97229e+07
HSSO 80000 0.999139 0.0893599 0.164048 83911.4 13.198 8.27799 4.49958 1.78621e+07
PLNO 80000 1 0.0889022 0.163288 90845 14.6803 8.82884 6.00052 1.81549e+07
Hyper 80000 0.99759 0.0907675 0.166395 89001.4 15.6911 8.39457 6.73884 1.65275e+07
Coco 80000 0.999129 0.0540793 0.102605 249324 46.1873 0.290146 0.0495279 927320
USS 80000 0.998741 0.0381189 0.073435 2.02733e+06 160.432 0.00522702 0.00085619 302604
SPAO 80000 0.997516 0.0889396 0.163318 92113.8 17.3844 7.93793 8.9062 1.95782e+07
HSSO 80000 0.997314 0.089279 0.163887 87930.2 12.543 6.36273 4.28573 1.80365e+07
PLNO 80000 0.999783 0.0892226 0.163825 82948.5 18.35 8.21865 6.37725 1.86009e+07
Hyper 80000 0.998956 0.0907919 0.166455 86618.3 15.5311 8.13367 6.29511 1.65418e+07
Coco 80000 0.999129 0.0540793 0.102605 244701 42.1013 0.244882 0.0483497 940934
USS 80000 1 0.0381252 0.0734501 2.12706e+06 239.212 0.00500752 0.000831231 301676
SPAO 80000 0.999568 0.0893105 0.16397 90632.5 16.105 7.22735 5.41733 1.93115e+07
HSSO 80000 0.998916 0.0892597 0.163876 91633.8 13.8557 6.85921 4.72299 1.78171e+07
PLNO 80000 0.999028 0.0892471 0.163856 85082.1 16.4127 7.25121 5.16595 1.84122e+07
Hyper 80000 0.999896 0.0916443 0.1679 89015.3 11.9445 7.6721 4.24728 1.61138e+07
Coco 80000 0.998257 0.0540606 0.102567 243825 46.165 0.239732 0.0462463 935592
USS 80000 1 0.0381252 0.0734501 2.0715e+06 254.118 0.00299407 0.000937365 302655
SPAO 80000 0.99935 0.089272 0.163903 86340.8 17.3881 6.68341 5.50419 1.94994e+07
HSSO 80000 0.999675 0.0894102 0.16414 95786.9 10.1324 7.16995 4.5562 1.81151e+07
PLNO 80000 0.998047 0.0888966 0.163252 92342.7 13.9608 8.70511 4.89372 1.86264e+07
Hyper 80000 0.997711 0.0909938 0.166777 89674.4 15.9473 9.02332 8.70558 1.67426e+07
Coco 80000 0.999129 0.0540792 0.102605 245989 40.1682 0.271087 0.0490694 949811
USS 80000 1 0.0381252 0.0734501 2.09553e+06 157.443 0.0040604 0.000816449 304853
SPAO 80000 0.998803 0.0891338 0.163662 103446 16.3289 8.46122 5.24549 1.94122e+07
HSSO 80000 0.999022 0.0890153 0.163465 76044.2 15.6766 6.60538 5.89483 1.8041e+07
PLNO 80000 0.998812 0.0891595 0.163706 76997.7 16.5439 8.11265 5.18099 1.86851e+07
Hyper 80000 0.998021 0.0913503 0.16738 89813.5 15.0935 7.5323 5.23355 1.64693e+07
Coco 80000 0.999129 0.0540793 0.102605 241796 41.7969 0.319563 0.0512771 951935
USS 80000 1 0.0381252 0.0734501 2.04722e+06 182.495 0.00457571 0.000836198 305316
SPAO 90000 0.999711 0.096028 0.175225 71401 14.8533 6.6305 6.55896 1.94136e+07
HSSO 90000 0.997801 0.0960403 0.175216 82043.4 17.8141 7.19524 6.15722 1.86286e+07
PLNO 90000 0.998074 0.0957463 0.17473 72338.9 15.95 6.77845 5.65402 1.83827e+07
Hyper 90000 0.997566 0.0978863 0.178279 79994.5 16.0512 7.34949 5.00839 1.64277e+07
Coco 90000 0.998958 0.0564689 0.106895 205305 35.1041 0.281485 0.0467505 947845
USS 90000 0.998881 0.0387179 0.0745464 1.76383e+06 141.002 0.00393719 0.000750491 299248
SPAO 90000 0.997618 0.0961349 0.17537 69930.4 11.6268 6.60904 4.15391 1.94593e+07
HSSO 90000 0.998938 0.0960465 0.175244 77523.1 13.8488 7.26882 5.83503 1.88032e+07
PLNO 90000 0.999232 0.0961215 0.175373 70383.9 12.7713 6.80656 4.09351 1.82307e+07
Hyper 90000 0.998606 0.0980809 0.178618 80541.6 13.5101 7.34713 5.01079 1.61463e+07
Coco 90000 0.999479 0.0564813 0.106921 209259 37.2722 0.283147 0.0566148 944528
USS 90000 1 0.0387242 0.074561 1.76034e+06 155.284 0.004939 0.000710837 302066
SPAO 90000 0.997986 0.0960023 0.175155 79905.4 17.1456 6.96607 5.4601 1.94201e+07
HSSO 90000 0.999333 0.0963789 0.175803 72795 14.5161 5.85223 4.88407 1.84831e+07
PLNO 90000 0.998645 0.0957706 0.17478 70676.3 12.2819 5.82592 3.1535 1.81151e+07
Hyper 90000 0.999437 0.0977541 0.178089 75397 14.0779 6.45418 4.68245 1.67704e+07
Coco 90000 0.999479 0.0564814 0.106921 206016 42.0695 0.286478 0.0495217 961722
USS 90000 1 0.0387242 0.074561 1.73261e+06 145.585 0.00679694 0.000906331 307070
SPAO 90000 0.997318 0.0959341 0.175032 70191 14.2682 6.4357 5.12474 1.93362e+07
HSSO 90000 0.997317 0.0959405 0.175042 75313.7 13.0405 6.59607 4.17904 1.82473e+07
PLNO 90000 0.996533 0.0959214 0.174998 69981.1 18.7953 7.27931 6.00244 1.74201e+07
Hyper 90000 0.996436 0.0974607 0.177555 70344.8 16.8868 7.61079 5.06058 1.62807e+07
Coco 90000 0.998958 0.0564689 0.106895 210684 43.8276 0.260763 0.0458181 959291
USS 90000 1 0.0387242 0.074561 1.72812e+06 162.447 0.00504089 0.000994255 309051
SPAO 90000 0.997688 0.0958404 0.174881 63379.7 12.1159 6.33316 4.97869 1.96459e+07
HSSO 90000 0.99971 0.0963721 0.175797 75687.9 14.5728 6.53113 5.34581 1.88065e+07
PLNO 90000 0.997897 0.096216 0.17551 63789.3 15.167 7.75699 4.77496 1.89956e+07
Hyper 90000 0.995827 0.0979748 0.178398 68878.3 12.1116 5.99031 4.97479 1.66131e+07
Coco 90000 0.998698 0.0564628 0.106883 205819 40.5679 0.29145 0.0466916 953403
USS 90000 0.997762 0.0387116 0.0745316 1.77415e+06 196.229 0.00390657 0.00079209 288788
SPAO 100000 0.994355 0.102063 0.185124 73221.9 15.1252 5.99091 4.52453 1.96658e+07
HSSO 100000 0.997808 0.102329 0.185621 67696.6 12.2779 5.18056 4.68502 1.91409e+07
PLNO 100000 0.998179 0.102341 0.185648 64763.7 13.107 6.96111 5.55017 1.83343e+07
Hyper 100000 0.998062 0.105017 0.190038 59519.4 10.5468 5.95287 4.3071 1.60441e+07
Coco 100000 0.999303 0.0592705 0.111904 181715 36.9387 0.346965 0.0659074 923877
USS 100000 1 0.0393231 0.0756707 1.4694e+06 159.3 0.00390706 0.000791025 302737
SPAO 100000 0.996951 0.102218 0.185424 68192.4 13.5853 4.88456 4.78119 2.07986e+07
HSSO 100000 0.999913 0.102554 0.186028 60733.2 11.6685 6.86381 4.58177 1.92595e+07
PLNO 100000 0.999825 0.102759 0.186364 58212.4 12.237 6.04235 4.50945 1.90881e+07
Hyper 100000 0.998747 0.105268 0.190462 65398.4 12.2403 6.2961 3.8966 1.64947e+07
Coco 100000 0.999303 0.0592702 0.111903 182424 36.8104 0.369419 0.0677042 958445
USS 100000 0.998993 0.0393169 0.0756563 1.5078e+06 166.257 0.00423395 0.00095495 334438
SPAO 100000 0.997202 0.102147 0.185313 65820.3 12.3664 6.24089 5.30715 2.12187e+07
HSSO 100000 0.993654 0.102231 0.185388 62691.3 12.4678 4.96825 3.96742 2.10354e+07
PLNO 100000 0.99757 0.102841 0.18646 58950.6 12.6758 6.2147 4.04045 1.99398e+07
Hyper 100000 0.997567 0.105024 0.190041 63505 11.0945 5.49961 3.50438 1.77503e+07
Coco 100000 0.998838 0.0592577 0.111878 180215 37.7178 0.384447 0.0637423 998097
USS 100000 0.998993 0.0393168 0.0756561 1.47249e+06 139.786 0.00495809 0.0009904 333432
SPAO 100000 0.996509 0.102174 0.185344 59959.6 13.4136 5.0709 4.05809 2.21452e+07
HSSO 100000 0.999207 0.102304 0.185604 70312.8 16.3614 5.4603 3.97169 2.08454e+07
PLNO 100000 0.997139 0.102467 0.185836 72048.2 15.5616 6.74553 5.35874 2.05249e+07
Hyper 100000 0.997565 0.104993 0.18999 48540.2 10.6974 6.40152 3.96885 1.80146e+07
Coco 100000 0.997676 0.0592265 0.111815 181456 36.1774 0.399857 0.0668947 1.04003e+06
USS 100000 0.998993 0.0393169 0.0756562 1.45e+06 138.709 0.00609722 0.000929872 330454
SPAO 100000 0.999208 0.102322 0.185635 72335.6 12.6287 7.26961 4.65705 1.99025e+07
HSSO 100000 0.999298 0.102115 0.185295 75882.1 13.9974 6.80635 5.32536 1.93622e+07
PLNO 100000 0.999304 0.102684 0.186231 68977.8 13.3897 5.71051 4.02207 1.94667e+07
Hyper 100000 0.998312 0.104159 0.188637 69840.7 12.9944 7.34837 5.56485 1.70516e+07
Coco 100000 0.999303 0.0592704 0.111904 180339 35.702 0.345781 0.0604854 974114
USS 100000 1 0.0393231 0.0756707 1.45689e+06 156.524 0.00618683 0.000838993 329208
SPAO 200000 0.996544 0.169542 0.289784 27146.1 6.74769 2.52543 2.63545 2.29678e+07
HSSO 200000 0.997336 0.171004 0.29195 28469.5 5.6498 2.09565 1.95845 2.09969e+07
PLNO 200000 0.997372 0.171177 0.292203 29958.4 5.61216 2.29791 2.29022 2.15826e+07
Hyper 200000 0.995798 0.174985 0.297663 22865.4 6.52005 2.42937 2.24392 1.60636e+07
Coco 200000 0.998257 0.085151 0.156917 62678.9 17.8643 0.392416 0.0674475 1.05325e+06
USS 200000 1 0.0453129 0.0866974 506448 79.8551 0.0110224 0.00161914 355685
SPAO 200000 0.997077 0.171448 0.292586 26006.1 6.39406 2.18942 1.91791 2.31429e+07
HSSO 200000 0.996732 0.171023 0.291951 26592.5 6.22779 2.10204 2.12383 2.10052e+07
PLNO 200000 0.997376 0.170908 0.291811 23043.5 6.08717 2.81085 2.56688 2.13478e+07
Hyper 200000 0.995516 0.17506 0.297759 25759 6.63055 2.2974 2.17943 1.65345e+07
Coco 200000 0.997444 0.0851075 0.156833 59660.5 16.9915 0.420961 0.0659242 1.07177e+06
USS 200000 1 0.0453129 0.0866974 504999 63.3063 0.00801693 0.00136881 362579
SPAO 200000 0.998463 0.17062 0.291438 24411.9 5.62576 2.43639 2.40563 2.28217e+07
HSSO 200000 0.997022 0.170922 0.291816 24733.6 6.45666 2.22676 2.30749 2.08745e+07
PLNO 200000 0.998026 0.171025 0.29201 29222.9 5.66752 2.35435 2.14192 2.14409e+07
Hyper 200000 0.99612 0.176144 0.299354 19078.1 4.82356 2.23044 1.73603 1.65117e+07
Coco 200000 0.998141 0.0851449 0.156905 60722.7 17.3646 0.44709 0.0698615 1.08136e+06
USS 200000 0.999497 0.0453066 0.0866839 506536 79.5956 0.0101644 0.00153092 356413
SPAO 200000 0.996591 0.17091 0.291781 21853 5.51371 2.13208 2.27403 2.30143e+07
HSSO 200000 0.997896 0.170638 0.291441 21998.5 6.30226 2.37391 2.24348 2.1147e+07
PLNO 200000 0.997605 0.171251 0.292321 23543.1 5.52263 2.50038 1.97253 2.13521e+07
Hyper 200000 0.998527 0.176418 0.299857 23647.4 5.51736 2.2039 2.14178 1.66083e+07
Coco 200000 0.99756 0.085114 0.156846 61852.7 17.5095 0.389118 0.0624492 1.03062e+06
USS 200000 1 0.0453129 0.0866974 512887 82.573 0.0100164 0.00159562 353008
SPAO 200000 0.997248 0.170684 0.29148 28666.8 6.16749 2.38414 2.36214 2.27171e+07
HSSO 200000 0.997596 0.171389 0.292523 21002.8 5.94968 2.32021 1.90481 2.07649e+07
PLNO 200000 0.994424 0.17119 0.292096 25974.4 6.063 2.53483 2.30207 2.15733e+07
Hyper 200000 0.99444 0.17535 0.29813 22234.5 5.79342 2.23056 2.12711 1.65501e+07
Coco 200000 0.998141 0.0851448 0.156905 60198.4 16.8504 0.346612 0.066878 1.07392e+06
USS 200000 1 0.0453129 0.0866974 512669 72.7338 0.00769631 0.001512 363147
SPAO 300000 0.995673 0.239398 0.38599 15489.9 3.27872 1.17062 1.28798 2.35391e+07
HSSO 300000 0.996844 0.239162 0.38577 14294.9 3.81095 1.23053 1.36286 2.16208e+07
PLNO 300000 0.995257 0.238084 0.384249 12378.4 3.37615 1.35634 1.37598 2.17692e+07
Hyper 300000 0.995862 0.244732 0.392907 9100.71 3.46574 1.23686 1.40619 1.97598e+07
Coco 300000 0.998141 0.111051 0.199865 30115.8 10.9736 0.318077 0.0594734 1.11798e+06
USS 300000 0.998322 0.0512715 0.0975339 268110 52.699 0.0138539 0.00226793 368691
SPAO 300000 0.996581 0.23912 0.385696 15193.5 3.28316 1.24339 1.39186 2.37464e+07
HSSO 300000 0.995671 0.237779 0.383882 12577.8 3.74256 1.22293 1.36843 2.1769e+07
PLNO 300000 0.99597 0.237744 0.383859 10417.8 3.7065 1.43597 1.57824 2.179e+07
Hyper 300000 0.994426 0.245499 0.393782 9977.99 3.30411 1.16009 1.21843 1.93075e+07
Coco 300000 0.998141 0.111051 0.199865 30398.7 11.0701 0.328215 0.0609792 1.04807e+06
USS 300000 0.998657 0.0512778 0.0975469 270515 50.2754 0.0119919 0.00205496 366922
SPAO 300000 0.995648 0.237748 0.38384 14961.1 3.8825 1.30512 1.4613 2.33318e+07
HSSO 300000 0.99587 0.239433 0.38605 14921.5 3.58078 1.18359 1.20517 2.14335e+07
PLNO 300000 0.99652 0.239221 0.385823 14830.5 3.44941 1.48213 1.45153 2.17691e+07
Hyper 300000 0.995573 0.246017 0.394539 9953.33 3.44889 1.18538 1.37319 1.98991e+07
Coco 300000 0.997366 0.110988 0.199748 30038.6 10.8003 0.331265 0.0601644 1.11566e+06
USS 300000 0.998993 0.051284 0.0975598 268453 54.4763 0.0117211 0.00220246 366555
SPAO 300000 0.996626 0.237941 0.384165 18227.1 3.47228 1.19411 1.34112 2.15837e+07
HSSO 300000 0.995803 0.239259 0.385818 13067 3.39418 1.37087 1.42551 2.02019e+07
PLNO 300000 0.994619 0.238302 0.384485 17752 3.7539 1.46672 1.45326 2.04963e+07
Hyper 300000 0.995981 0.245848 0.394354 10618.2 3.16965 1.0885 1.17244 1.91438e+07
Coco 300000 0.997599 0.111007 0.199783 30432.5 11.639 0.361133 0.061305 1.11302e+06
USS 300000 0.999664 0.0512965 0.0975856 268322 54.6618 0.0142511 0.00221202 366466
SPAO 300000 0.994169 0.23793 0.383966 14157.8 3.73399 1.20466 1.41348 2.36202e+07
HSSO 300000 0.994069 0.238625 0.384864 16829.5 3.62858 1.24617 1.38577 2.15019e+07
PLNO 300000 0.99549 0.238916 0.385349 12573.2 3.41482 1.36518 1.35089 2.17821e+07
Hyper 300000 0.996359 0.245822 0.39435 12220.5 3.75892 1.32471 1.37449 1.98445e+07
Coco 300000 0.997599 0.111007 0.199783 30494.4 11.3146 0.318805 0.0607969 1.06254e+06
USS 300000 0.999664 0.0512965 0.0975855 264216 46.4864 0.0142143 0.00227313 362776
SPAO 400000 0.993147 0.306073 0.467935 8772.98 2.61921 0.775192 1.01087 2.30416e+07
HSSO 400000 0.994584 0.306042 0.468059 9286.04 2.51581 0.835327 0.993973 2.04206e+07
PLNO 400000 0.995 0.305239 0.467164 11515.2 2.55884 0.954694 1.11231 2.06493e+07
Hyper 400000 0.995089 0.312494 0.475624 7958.32 2.45426 0.853635 1.00662 1.92562e+07
Coco 400000 0.997502 0.136888 0.240739 18949.8 7.88939 0.364373 0.0682722 1.10994e+06
USS 400000 0.998993 0.0572674 0.108325 171888 37.6045 0.0154588 0.00267126 381442
SPAO 400000 0.994401 0.303832 0.46545 9084.29 2.61104 0.761805 0.996109 2.40023e+07
HSSO 400000 0.993404 0.306011 0.467891 8205.94 2.49294 0.740852 0.976509 2.17434e+07
PLNO 400000 0.994933 0.305113 0.46701 8609.21 2.48007 0.934292 1.05534 2.20668e+07
Hyper 400000 0.993916 0.313147 0.476246 7924.53 2.39809 0.812495 1.00612 1.90664e+07
Coco 400000 0.997386 0.136875 0.240716 18794.8 8.02578 0.332451 0.0666728 1.08256e+06
USS 400000 0.999748 0.0572862 0.108363 169408 38.9751 0.013761 0.00259706 380707
SPAO 400000 0.995492 0.305682 0.467738 8162.57 2.50975 0.810084 1.02507 2.40191e+07
HSSO 400000 0.993128 0.305215 0.46693 7316.22 2.35552 0.769858 0.963298 2.16114e+07
PLNO 400000 0.993272 0.304389 0.465978 8203.04 2.68264 0.916678 1.05453 2.14659e+07
Hyper 400000 0.994403 0.312208 0.475215 8187.1 2.51389 0.789396 1.04206 2.06522e+07
Coco 400000 0.997967 0.136938 0.24083 18919.8 8.02242 0.352648 0.0693893 1.10933e+06
USS 400000 0.999245 0.0572737 0.108338 171330 35.7543 0.0147952 0.00272864 375462
SPAO 400000 0.992548 0.304614 0.466163 9051.19 2.58037 0.814216 1.05824 2.2506e+07
HSSO 400000 0.995127 0.306204 0.468308 9647.56 2.45034 0.805436 1.02892 2.04422e+07
PLNO 400000 0.994506 0.305238 0.467108 9003.99 2.49819 0.897241 1.03774 2.1163e+07
Hyper 400000 0.99277 0.312506 0.475373 8391.98 2.44865 0.733131 0.953181 2.03515e+07
Coco 400000 0.997212 0.136856 0.240682 19015.2 7.86734 0.341334 0.0673416 1.1083e+06
USS 400000 0.998741 0.0572613 0.108313 169097 36.1431 0.0158823 0.00279203 382325
SPAO 400000 0.995167 0.306283 0.468405 9033.12 2.57767 0.838748 1.02672 2.35711e+07
HSSO 400000 0.9933 0.304884 0.466561 9742.84 2.46448 0.876667 1.11418 2.17868e+07
PLNO 400000 0.994857 0.304609 0.46641 8828.7 2.58679 0.864516 1.08977 2.18527e+07
Hyper 400000 0.993682 0.313316 0.476415 9799.17 2.33383 0.760208 0.989562 2.05081e+07
Coco 400000 0.996805 0.136814 0.240604 19095.9 8.11551 0.381209 0.0683303 1.07529e+06
USS 400000 0.998993 0.0572677 0.108326 169306 37.7431 0.0177076 0.00292974 377747
SPAO 500000 0.991938 0.370638 0.53964 7992.77 1.95018 0.610748 0.792693 2.38336e+07
HSSO 500000 0.994242 0.373254 0.54275 6731.02 1.76026 0.664512 0.772006 2.17702e+07
PLNO 500000 0.993257 0.371255 0.540488 7573.48 1.87531 0.679957 0.805594 2.17797e+07
Hyper 500000 0.992857 0.379802 0.549428 6819.04 1.7944 0.60767 0.795806 2.04222e+07
Coco 500000 0.997072 0.162719 0.279779 12675.6 6.26565 0.356065 0.0667932 1.11569e+06
USS 500000 0.998792 0.0632448 0.118957 120100 30.5641 0.018041 0.00350553 388045
SPAO 500000 0.995156 0.37259 0.542184 6002.07 1.82927 0.610404 0.744581 2.40095e+07
HSSO 500000 0.994661 0.372919 0.542459 5526.23 1.81687 0.585481 0.808475 2.19658e+07
PLNO 500000 0.993503 0.369486 0.538647 6825.96 1.90209 0.63783 0.810383 2.22357e+07
Hyper 500000 0.992261 0.380609 0.550181 4338.72 1.78807 0.555989 0.775272 2.05378e+07
Coco 500000 0.996747 0.162675 0.279701 12512.3 6.17654 0.35379 0.063825 1.07571e+06
USS 500000 0.998792 0.0632447 0.118957 119647 30.8609 0.0204651 0.00328683 368008
SPAO 500000 0.993252 0.370601 0.539795 7746.02 1.9467 0.67803 0.83052 2.32402e+07
HSSO 500000 0.993567 0.372413 0.541761 6776.34 1.90965 0.547118 0.758728 2.03826e+07
PLNO 500000 0.993278 0.370055 0.539219 6023.24 1.89499 0.588917 0.81523 2.0801e+07
Hyper 500000 0.993215 0.379344 0.549004 4244.81 1.76141 0.547959 0.78919 1.95706e+07
Coco 500000 0.996189 0.1626 0.279569 12477 6.18582 0.341665 0.0679978 1.07804e+06
USS 500000 0.999799 0.0632761 0.11902 119186 29.859 0.0165474 0.00361366 373941
SPAO 500000 0.993825 0.371362 0.540686 6186.44 1.7848 0.51788 0.777859 2.1819e+07
HSSO 500000 0.994413 0.373191 0.54271 6755.43 1.73335 0.540463 0.753932 1.93976e+07
PLNO 500000 0.991675 0.368361 0.537184 5069.54 1.9697 0.625745 0.845241 2.00038e+07
Hyper 500000 0.993146 0.379551 0.54921 5635.91 1.79761 0.571574 0.814333 1.91447e+07
Coco 500000 0.9967 0.162669 0.27969 12587.5 6.26748 0.349742 0.0686451 1.11275e+06
USS 500000 0.998993 0.0632511 0.11897 119880 32.3072 0.0172878 0.00338674 387223
SPAO 500000 0.99462 0.373483 0.54305 4870.26 1.62689 0.584725 0.702458 2.38146e+07
HSSO 500000 0.993209 0.372478 0.541777 8981.16 1.88224 0.580724 0.753793 2.18321e+07
PLNO 500000 0.993779 0.372041 0.541398 7121.11 1.83372 0.584549 0.738001 2.2085e+07
Hyper 500000 0.993073 0.380937 0.550648 5548.87 1.7653 0.531528 0.743589 2.07583e+07
Coco 500000 0.997212 0.162737 0.279812 12481 6.17804 0.349624 0.0687691 1.04934e+06
USS 500000 0.998792 0.0632449 0.118957 119768 32.6657 0.0200748 0.00334535 378436
SPAO 600000 0.992849 0.436619 0.606515 4013.43 1.48085 0.376583 0.610461 2.36928e+07
HSSO 600000 0.992113 0.437286 0.60702 4141.7 1.46399 0.319041 0.558825 2.06676e+07
PLNO 600000 0.990699 0.433289 0.602897 5203.97 1.4779 0.456477 0.67547 2.07454e+07
Hyper 600000 0.992776 0.444155 0.613734 5294.36 1.35387 0.414219 0.630352 1.99279e+07
Coco 600000 0.997095 0.1886 0.317201 9244.14 5.09634 0.341086 0.0654035 1.05013e+06
USS 600000 0.998993 0.0692347 0.129495 88648.4 25.6112 0.0228754 0.00388131 356892
SPAO 600000 0.993309 0.437037 0.607004 6013.56 1.40922 0.377412 0.650141 2.41465e+07
HSSO 600000 0.992018 0.435697 0.60547 5299.68 1.41416 0.354808 0.600648 2.07364e+07
PLNO 600000 0.990879 0.43363 0.60326 4782.38 1.43183 0.4619 0.644427 2.06946e+07
Hyper 600000 0.992209 0.445255 0.614674 3902.83 1.42979 0.382245 0.625655 1.97804e+07
Coco 600000 0.996282 0.188469 0.316976 9167.11 5.11976 0.330088 0.0672646 1.07034e+06
USS 600000 0.999329 0.0692472 0.129519 88541.7 24.0734 0.020899 0.00366296 380763
SPAO 600000 0.991322 0.434337 0.604026 4275.62 1.39222 0.334058 0.594309 2.41718e+07
HSSO 600000 0.994139 0.438452 0.608523 5073.64 1.39031 0.375571 0.590956 2.19425e+07
PLNO 600000 0.99165 0.433637 0.60341 5532.78 1.40169 0.429238 0.650081 2.20614e+07
Hyper 600000 0.99201 0.445312 0.61469 4200.5 1.35258 0.382834 0.592523 2.08907e+07
Coco 600000 0.997095 0.1886 0.317201 9224.88 5.14151 0.318147 0.0674779 1.10697e+06
USS 600000 0.999329 0.0692471 0.129519 89050.2 24.3695 0.0217408 0.00386776 382834
SPAO 600000 0.990324 0.436854 0.606269 5230.52 1.37804 0.358647 0.561464 2.25671e+07
HSSO 600000 0.991781 0.43598 0.605699 5384.08 1.38403 0.350496 0.581672 1.90652e+07
PLNO 600000 0.991852 0.431856 0.601721 5662.32 1.54596 0.497162 0.718298 1.94069e+07
Hyper 600000 0.993364 0.445728 0.615347 3749.49 1.38203 0.417653 0.594477 1.96464e+07
Coco 600000 0.996437 0.188493 0.317018 9061.59 5.11359 0.321265 0.0671793 1.10541e+06
USS 600000 0.998322 0.0692095 0.129445 89482.9 23.3179 0.0220245 0.00367594 388537
SPAO 600000 0.991969 0.436903 0.606624 5580.68 1.32545 0.368419 0.601542 2.45442e+07
HSSO 600000 0.992307 0.435971 0.605788 5316.83 1.42808 0.376612 0.611131 2.1901e+07
PLNO 600000 0.993126 0.433373 0.603427 4389.54 1.39238 0.460987 0.623763 2.19565e+07
Hyper 600000 0.991665 0.443962 0.613337 4433.79 1.41643 0.403898 0.660379 2.11216e+07
Coco 600000 0.996321 0.188475 0.316985 9234.85 5.0193 0.344163 0.0690829 1.0818e+06
USS 600000 0.998657 0.0692221 0.12947 89989.1 26.1947 0.0225477 0.0038058 375609
SPAO 700000 0.99415 0.504537 0.669366 3009.4 1.10392 0.260833 0.47275 2.49397e+07
HSSO 700000 0.991606 0.503578 0.667946 3897.25 1.02509 0.267778 0.447499 2.20434e+07
PLNO 700000 0.992825 0.499136 0.664299 3990.89 1.09364 0.314042 0.482706 2.10271e+07
Hyper 700000 0.991347 0.508258 0.67199 4586.25 1.11193 0.306026 0.482244 1.92935e+07
Coco 700000 0.99512 0.214107 0.352393 7204.21 4.1654 0.383148 0.0784866 1.09537e+06
USS 700000 0.998562 0.0751993 0.139866 69637.8 21.6516 0.0249898 0.00411444 373429
SPAO 700000 0.992123 0.501548 0.666274 2810.42 1.04841 0.281556 0.470615 2.48917e+07
HSSO 700000 0.993166 0.50333 0.668081 3296.72 1.04767 0.277047 0.454561 2.17115e+07
PLNO 700000 0.991935 0.498274 0.663337 3486.69 1.1079 0.310659 0.484473 2.2021e+07
Hyper 700000 0.992458 0.508806 0.672724 4323.42 1.07906 0.318903 0.511419 2.04606e+07
Coco 700000 0.995784 0.21423 0.352603 7317.9 4.19061 0.39579 0.0788161 1.06063e+06
USS 700000 0.999137 0.0752245 0.139915 69132.3 19.8542 0.0267737 0.00449801 379354
SPAO 700000 0.991726 0.502684 0.667186 3497.4 1.1259 0.27816 0.472254 2.43654e+07
HSSO 700000 0.993049 0.503404 0.66812 3290.87 1.03497 0.265419 0.471743 2.05441e+07
PLNO 700000 0.992324 0.499004 0.664071 3479.04 1.10629 0.360989 0.514437 2.11804e+07
Hyper 700000 0.991365 0.50897 0.672616 4309.1 1.06849 0.295393 0.472543 1.9457e+07
Coco 700000 0.995419 0.214162 0.352487 7393.55 4.37413 0.392773 0.0776568 1.05097e+06
USS 700000 0.998993 0.0752185 0.139903 68996.6 21.3749 0.0260559 0.004232 386597
SPAO 700000 0.992424 0.503633 0.66818 3242.85 1.00472 0.27556 0.448993 2.36982e+07
HSSO 700000 0.993606 0.502705 0.667629 3323.96 1.07321 0.273393 0.467282 2.05278e+07
PLNO 700000 0.990576 0.496472 0.661435 2929.57 1.13144 0.34064 0.500064 2.05605e+07
Hyper 700000 0.992457 0.509707 0.673512 4014.5 1.08076 0.307781 0.459974 1.92745e+07
Coco 700000 0.994987 0.214081 0.352351 7368.16 4.16349 0.377226 0.077478 1.07977e+06
USS 700000 0.998705 0.0752057 0.139878 69828 20.6314 0.0254598 0.00439192 383901
SPAO 700000 0.991408 0.502057 0.666561 3755.37 1.11289 0.294503 0.482116 2.50301e+07
HSSO 700000 0.99302 0.503687 0.668362 3609.44 1.03482 0.262222 0.469139 2.18136e+07
PLNO 700000 0.990359 0.497774 0.662541 3483.02 1.14565 0.330934 0.499445 2.19992e+07
Hyper 700000 0.993182 0.509579 0.673567 4230.95 1.05325 0.280843 0.441903 2.08007e+07
Coco 700000 0.995353 0.214149 0.352466 7280.33 4.25313 0.370994 0.0782483 1.08141e+06
USS 700000 0.999137 0.0752246 0.139915 69785.4 22.1074 0.0225944 0.00445327 384790
SPAO 800000 0.992163 0.55859 0.714766 3140.05 0.867241 0.209681 0.373374 2.46681e+07
HSSO 800000 0.991848 0.558451 0.71457 2810.39 0.868659 0.230693 0.407916 2.19223e+07
PLNO 800000 0.992982 0.554994 0.712025 2247.15 0.893636 0.258083 0.398437 2.21568e+07
Hyper 800000 0.992483 0.564408 0.719594 3488.5 0.824802 0.250551 0.397524 2.13544e+07
Coco 800000 0.996016 0.239893 0.386658 5519.52 3.57964 0.375279 0.0773917 1.09496e+06
USS 800000 0.99786 0.0811457 0.150086 56328.1 18.4706 0.0264318 0.00466418 365655
SPAO 800000 0.992718 0.557103 0.71369 2856.23 0.868604 0.196976 0.360037 2.42702e+07
HSSO 800000 0.992811 0.558304 0.714699 2704.81 0.821301 0.205226 0.35927 2.0832e+07
PLNO 800000 0.992577 0.552547 0.709905 2801.13 0.93256 0.27566 0.411436 2.18837e+07
Hyper 800000 0.992382 0.566323 0.721122 3020.5 0.835516 0.234513 0.395904 2.09353e+07
Coco 800000 0.996161 0.239924 0.38671 5501.81 3.5529 0.347595 0.0769249 1.06296e+06
USS 800000 0.999245 0.0812142 0.150219 55822.5 18.4 0.0267356 0.00469165 358680
SPAO 800000 0.99263 0.560068 0.716096 2602.44 0.840122 0.21326 0.371211 2.38943e+07
HSSO 800000 0.992262 0.55728 0.713717 2562.18 0.873115 0.209399 0.40204 2.06595e+07
PLNO 800000 0.991887 0.552476 0.70967 3640.28 0.870199 0.279806 0.428025 2.10388e+07
Hyper 800000 0.992892 0.564862 0.720071 2696.9 0.813335 0.220482 0.371741 2.00654e+07
Coco 800000 0.99622 0.239937 0.38673 5494.68 3.53737 0.332366 0.0766499 1.09521e+06
USS 800000 0.999371 0.0812206 0.150232 55818.7 17.8999 0.0269761 0.00484277 381587
SPAO 800000 0.992236 0.557245 0.713683 2645.09 0.839212 0.203786 0.36102 2.39158e+07
HSSO 800000 0.99224 0.557874 0.714199 2567.98 0.825583 0.206251 0.373105 2.05685e+07
PLNO 800000 0.992125 0.55251 0.709758 2838.48 0.908676 0.255454 0.408663 2.04859e+07
Hyper 800000 0.991047 0.563401 0.718399 2805.65 0.821231 0.212121 0.3994 1.96986e+07
Coco 800000 0.996045 0.239898 0.386667 5505.42 3.61668 0.354284 0.0761554 1.09105e+06
USS 800000 0.999245 0.0812142 0.150219 55973.3 17.4422 0.0285306 0.00468365 384140
SPAO 800000 0.99278 0.557703 0.714198 2825.55 0.8798 0.209875 0.400207 2.50299e+07
HSSO 800000 0.992781 0.557115 0.713716 2982.62 0.866002 0.209084 0.384968 2.05457e+07
PLNO 800000 0.991893 0.553433 0.710461 2823.53 0.815632 0.238435 0.392439 2.12417e+07
Hyper 800000 0.991651 0.564857 0.71974 2425.66 0.850396 0.243076 0.418763 1.98902e+07
Coco 800000 0.995754 0.239836 0.386565 5487.88 3.52507 0.336709 0.0740749 1.07853e+06
USS 800000 0.998993 0.0812015 0.150195 55781.8 17.7199 0.0302015 0.00498606 385156
SPAO 900000 0.99082 0.614454 0.758516 2777.68 0.685484 0.167919 0.320669 2.53374e+07
HSSO 900000 0.991165 0.614748 0.758841 2024.08 0.653236 0.163159 0.302038 2.17382e+07
PLNO 900000 0.991217 0.609715 0.75501 3016.9 0.718941 0.231971 0.345121 2.18654e+07
Hyper 900000 0.992345 0.614566 0.759049 2393.23 0.683997 0.194498 0.327886 2.08543e+07
Coco 900000 0.995895 0.265942 0.419785 4466.78 3.04525 0.359764 0.0799691 1.07302e+06
USS 900000 0.998881 0.0871789 0.160362 46017.4 16.8775 0.0286923 0.00514326 386461
SPAO 900000 0.993456 0.616453 0.760812 2221.23 0.687741 0.173845 0.307605 2.53088e+07
HSSO 900000 0.992373 0.615691 0.759914 2286.71 0.664793 0.159089 0.295748 2.15754e+07
PLNO 900000 0.992948 0.608342 0.754456 2731.28 0.714158 0.231934 0.346734 2.22796e+07
Hyper 900000 0.992155 0.616558 0.76051 2250.98 0.675944 0.172979 0.30811 2.04132e+07
Coco 900000 0.995146 0.265761 0.419493 4431.87 3.05726 0.34334 0.0824332 1.03784e+06
USS 900000 0.998881 0.0871789 0.160362 46417.3 16.7438 0.0285207 0.0051571 368371
SPAO 900000 0.991243 0.615535 0.759463 2205.9 0.645703 0.149643 0.273509 2.44083e+07
HSSO 900000 0.991773 0.615039 0.759241 2457.9 0.678559 0.176157 0.303345 2.07989e+07
PLNO 900000 0.992063 0.609109 0.75479 2227.11 0.703743 0.216069 0.332745 2.09296e+07
Hyper 900000 0.992007 0.614925 0.759223 2147.67 0.661195 0.190449 0.332006 1.95687e+07
Coco 900000 0.995017 0.26573 0.419443 4440.55 3.06471 0.351377 0.0803238 1.03815e+06
USS 900000 0.99821 0.0871415 0.16029 45731.7 15.7565 0.0295787 0.0053139 366873
SPAO 900000 0.991757 0.614944 0.759164 2724.02 0.68085 0.159868 0.306004 2.38222e+07
HSSO 900000 0.992807 0.615294 0.759739 2323.94 0.654816 0.164104 0.306243 2.06454e+07
PLNO 900000 0.992873 0.608255 0.754368 2548.69 0.67242 0.212804 0.324404 2.07428e+07
Hyper 900000 0.992675 0.61531 0.759712 2471.05 0.668176 0.204659 0.342109 1.96286e+07
Coco 900000 0.995456 0.265837 0.419615 4479.74 3.09732 0.350623 0.0779926 1.08665e+06
USS 900000 0.998546 0.0871601 0.160326 46213.5 16.2825 0.0279233 0.00508946 394073
SPAO 900000 0.992811 0.616385 0.760571 2562.58 0.674386 0.160804 0.292155 2.51285e+07
HSSO 900000 0.991727 0.616583 0.760403 2241.91 0.670755 0.158927 0.292944 2.18135e+07
PLNO 900000 0.991868 0.608825 0.754516 3723.93 0.712318 0.227138 0.334079 2.19462e+07
Hyper 900000 0.991678 0.614478 0.758786 2549.26 0.691654 0.1998 0.343701 2.04014e+07
Coco 900000 0.995223 0.265779 0.419523 4450.34 3.09085 0.331153 0.0800075 1.0741e+06
USS 900000 0.998098 0.0871356 0.160279 46006.9 16.0364 0.0283627 0.00534706 396548
SPAO 1000000 0.994076 0.659754 0.793124 2524.48 0.53707 0.134595 0.249817 2.43974e+07
HSSO 1000000 0.99341 0.662377 0.794803 1954.06 0.546497 0.138977 0.244082 2.1823e+07
PLNO 1000000 0.991615 0.655435 0.789216 1915.74 0.561046 0.157115 0.277495 2.20115e+07
Hyper 1000000 0.992488 0.663934 0.795626 2221.61 0.55623 0.147405 0.252948 2.102e+07
Coco 1000000 0.994176 0.291717 0.451077 3623.56 2.62219 0.357778 0.083489 1.30486e+06
USS 1000000 0.99849 0.0931379 0.170383 38532.3 15.0275 0.0302313 0.00578147 374192
SPAO 1000000 0.992947 0.660515 0.793313 1340.85 0.526046 0.132493 0.249984 2.4096e+07
HSSO 1000000 0.994088 0.660969 0.794004 2882.15 0.54406 0.14179 0.25393 2.10541e+07
PLNO 1000000 0.992642 0.655495 0.789585 1759.12 0.603388 0.155787 0.279031 2.11513e+07
Hyper 1000000 0.99334 0.66527 0.796859 1857.05 0.520921 0.150544 0.254297 2.04209e+07
Coco 1000000 0.994687 0.291854 0.451292 3639.28 2.6397 0.320249 0.0783541 1.01285e+06
USS 1000000 0.998691 0.0931501 0.170406 38815.5 14.6022 0.0335159 0.00553365 369814
SPAO 1000000 0.993309 0.660898 0.793705 1728.51 0.551106 0.136766 0.25481 2.49051e+07
HSSO 1000000 0.9925 0.659693 0.792577 1935.27 0.556845 0.139046 0.252611 2.07287e+07
PLNO 1000000 0.994381 0.655429 0.790086 2285.99 0.599796 0.173062 0.289931 2.22008e+07
Hyper 1000000 0.992551 0.663878 0.795607 1416.41 0.543368 0.148641 0.254556 2.14399e+07
Coco 1000000 0.994292 0.291748 0.451125 3650.96 2.64804 0.323223 0.0800501 1.08901e+06
USS 1000000 0.998188 0.0931188 0.170346 38371.2 14.3401 0.0317636 0.00586631 394898
SPAO 1000000 0.993647 0.660851 0.793779 2085.39 0.550898 0.139848 0.257295 2.52431e+07
HSSO 1000000 0.992423 0.659434 0.792366 1454.99 0.563339 0.135719 0.239874 2.15219e+07
PLNO 1000000 0.992932 0.657045 0.7908 2559.81 0.593603 0.162778 0.281283 2.18624e+07
Hyper 1000000 0.992614 0.663939 0.79567 1817.39 0.559482 0.157329 0.273068 2.15712e+07
Coco 1000000 0.994501 0.291805 0.451215 3701.81 2.66342 0.325172 0.0819643 1.05755e+06
USS 1000000 0.99849 0.0931377 0.170382 38429.4 14.2574 0.032495 0.00572327 389694
SPAO 1000000 0.991827 0.660752 0.793126 2157.35 0.545623 0.133651 0.242934 2.52011e+07
HSSO 1000000 0.993437 0.661123 0.793908 2229.7 0.54332 0.141841 0.251282 2.17693e+07
PLNO 1000000 0.992005 0.655455 0.789354 2422.86 0.566687 0.167289 0.272855 2.21785e+07
Hyper 1000000 0.993048 0.662642 0.794877 1879.51 0.568596 0.154569 0.272775 2.11202e+07
Coco 1000000 0.99464 0.29184 0.451271 3645.81 2.6468 0.343989 0.08003 1.08992e+06
USS 1000000 0.99859 0.093144 0.170394 38783 14.8255 0.0314346 0.00578172 363306
