SPAO 10000 0.959034 0.0649545 0.121668 3302.38 0.563444 1.74705e+07
HSSO 10000 0.951681 0.0644565 0.120736 3708.24 0.520115 1.71602e+07
PLNO 10000 0.941176 0.063745 0.119403 4414.15 0.47265 1.47249e+07
Hyper 10000 0.946429 0.0678714 0.12666 4542.52 0.43227 1.01971e+07
Coco 10000 0.972527 0.025185 0.0490985 2374.1 0.793319 1.36732e+06
USS 10000 0.988095 0.00590495 0.0117397 403.347 0.936466 453617
SPAO 20000 0.940126 0.127348 0.224311 3601.85 0.361955 1.843e+07
HSSO 20000 0.95063 0.128771 0.226817 2676.8 0.420861 1.78033e+07
PLNO 20000 0.939076 0.127205 0.22406 3692.07 0.459192 1.62213e+07
Hyper 20000 0.943738 0.137237 0.239627 2518.24 0.366958 1.30592e+07
Coco 20000 0.970899 0.0522197 0.0991088 2109.25 0.732367 1.57214e+06
USS 20000 0.964286 0.0115253 0.0227784 3658.92 0.877944 483708
SPAO 30000 0.918067 0.18654 0.310076 2135.85 0.274876 1.9664e+07
HSSO 30000 0.936975 0.190381 0.316462 2835.78 0.320794 2.06736e+07
PLNO 30000 0.930999 0.191022 0.317001 2371.54 0.375261 1.67688e+07
Hyper 30000 0.931494 0.204112 0.334851 3208.9 0.373991 1.49834e+07
Coco 30000 0.977352 0.0798236 0.147593 1731.83 0.730052 1.58806e+06
USS 30000 0.988722 0.0187109 0.0367267 1674.47 0.796695 466752
SPAO 40000 0.936187 0.253628 0.399127 1512.6 0.281043 2.213e+07
HSSO 40000 0.932773 0.252703 0.397671 2003.79 0.252963 2.23562e+07
PLNO 40000 0.931711 0.253344 0.398367 1599.22 0.261366 1.86504e+07
Hyper 40000 0.930765 0.271628 0.420531 1571.31 0.317316 1.78986e+07
Coco 40000 0.975974 0.106929 0.192742 1712.57 0.636004 1.6915e+06
USS 40000 0.991429 0.024687 0.0481744 1433.65 0.733769 462653
SPAO 50000 0.929196 0.317445 0.473221 1211.56 0.209586 2.20488e+07
HSSO 50000 0.921908 0.314954 0.469509 1495.63 0.213591 2.27329e+07
PLNO 50000 0.918277 0.31097 0.464605 1317.05 0.226146 1.91313e+07
Hyper 50000 0.923288 0.335657 0.49233 1197.91 0.208437 1.79704e+07
Coco 50000 0.976708 0.134249 0.236052 1751.45 0.797536 1.56809e+06
USS 50000 0.977679 0.0311611 0.0603971 1510.93 0.743981 481437
SPAO 60000 0.923705 0.37813 0.536598 1244.41 0.175964 2.23876e+07
HSSO 60000 0.918839 0.376138 0.533771 883.527 0.176884 2.36726e+07
PLNO 60000 0.920773 0.369593 0.527465 1425.61 0.4723 1.83622e+07
Hyper 60000 0.92328 0.397268 0.555511 1239.66 0.188044 1.70234e+07
Coco 60000 0.958262 0.158438 0.271917 1887.51 0.606808 1.69419e+06
USS 60000 0.986842 0.0373506 0.071977 1730.34 0.71481 490461
SPAO 70000 0.915805 0.428714 0.584028 810.538 0.154872 2.49222e+07
HSSO 70000 0.913103 0.428358 0.583148 978.512 0.177628 2.64162e+07
PLNO 70000 0.918672 0.429141 0.585006 1139.2 0.197428 2.10099e+07
Hyper 70000 0.912666 0.449061 0.601945 749.786 0.170278 1.91914e+07
Coco 70000 0.951031 0.183765 0.308013 1756.7 0.544579 1.66848e+06
USS 70000 0.98539 0.0431844 0.0827426 2047.09 0.760254 487591
SPAO 80000 0.915128 0.479439 0.629225 715.646 0.118358 2.56543e+07
HSSO 80000 0.909461 0.477376 0.626108 392.522 0.112947 2.59615e+07
PLNO 80000 0.90776 0.481005 0.628813 748.35 0.143796 2.19594e+07
Hyper 80000 0.90523 0.504909 0.648246 789.528 0.134493 2.19912e+07
Coco 80000 0.962033 0.212721 0.348404 1461.59 0.589383 1.71199e+06
USS 80000 0.981793 0.0498719 0.0949221 1022.72 0.678327 504184
SPAO 90000 0.910714 0.533367 0.672739 357.604 0.0970132 2.63494e+07
HSSO 90000 0.912315 0.527035 0.66811 725.912 0.130306 2.74586e+07
PLNO 90000 0.914707 0.525683 0.667661 458.813 0.112141 2.26893e+07
Hyper 90000 0.913838 0.551579 0.687933 528.85 0.125143 2.20374e+07
Coco 90000 0.956571 0.23819 0.381408 1254.83 0.555244 1.78422e+06
USS 90000 0.983709 0.055848 0.105695 1143.19 0.701431 520586
SPAO 100000 0.913362 0.576764 0.707047 483.341 0.110045 2.77544e+07
HSSO 100000 0.911276 0.577262 0.706794 652.763 0.107499 2.88154e+07
PLNO 100000 0.908805 0.575697 0.704878 666.817 0.116127 2.29696e+07
Hyper 100000 0.901452 0.600669 0.720946 366.284 0.111681 2.17666e+07
Coco 100000 0.955745 0.262735 0.412165 1453.67 0.544015 1.765e+06
USS 100000 0.981027 0.0625356 0.117576 1599.95 0.640317 514156
SPAO 200000 0.900891 0.805777 0.850683 76.835 0.0245965 2.9984e+07
HSSO 200000 0.90806 0.803145 0.852386 45.7386 0.0326255 3.19144e+07
PLNO 200000 0.901675 0.796599 0.845887 100.89 0.0355949 2.57693e+07
Hyper 200000 0.903287 0.813318 0.855945 161.707 0.0339583 2.55776e+07
Coco 200000 0.929778 0.493597 0.644855 890.793 0.342828 1.92756e+06
USS 200000 0.977121 0.124573 0.220974 1358.62 0.612609 565814
SPAO 300000 0.90593 0.88247 0.894046 12.6401 0.00807718 3.16435e+07
HSSO 300000 0.905005 0.88247 0.893596 13.5822 0.00889151 3.41923e+07
PLNO 300000 0.902875 0.862408 0.882177 72.546 0.0108677 2.74696e+07
Hyper 300000 0.901184 0.866178 0.883335 57.578 0.0117015 2.67773e+07
Coco 300000 0.906776 0.651181 0.758012 775.619 0.222941 2.05024e+06
USS 300000 0.962054 0.183978 0.308887 1683.71 0.542006 633780
SPAO 400000 0.907563 0.891292 0.899354 3.68474 0.00419082 3.23063e+07
HSSO 400000 0.907563 0.891292 0.899354 5.93291 0.0046014 3.41688e+07
PLNO 400000 0.906135 0.876352 0.890995 9.12653 0.00821675 2.80454e+07
Hyper 400000 0.905223 0.885387 0.895195 29.0908 0.00673858 2.79365e+07
Coco 400000 0.900344 0.744308 0.814924 446.189 0.166664 2.11737e+06
USS 400000 0.966518 0.246443 0.392744 1084.05 0.464848 654838
SPAO 500000 0.906263 0.90175 0.904001 0.822514 0.00247751 3.16919e+07
HSSO 500000 0.903403 0.898904 0.901148 1.25776 0.00188969 3.33558e+07
PLNO 500000 0.905507 0.893782 0.899606 4.92495 0.00347322 2.69893e+07
Hyper 500000 0.906106 0.895276 0.900658 2.5575 0.00423177 2.62259e+07
Coco 500000 0.900855 0.809334 0.852646 302.186 0.114252 2.13925e+06
USS 500000 0.962054 0.306631 0.465041 992.162 0.436506 725696
SPAO 600000 0.904453 0.90175 0.903099 7.15799 0.00129758 3.30636e+07
HSSO 600000 0.907357 0.903742 0.905546 4.71524 0.000481199 3.49601e+07
PLNO 600000 0.907129 0.8999 0.9035 5.94414 0.000459532 2.75896e+07
Hyper 600000 0.906439 0.89741 0.901902 9.18981 0.00270014 2.75199e+07
Coco 600000 0.903343 0.830464 0.865372 177.627 0.0710418 2.19345e+06
USS 600000 0.943452 0.360842 0.522026 865.604 0.387629 758565
SPAO 700000 0.907643 0.904027 0.905831 0.172505 6.6896e-05 3.28317e+07
HSSO 700000 0.907164 0.904454 0.905807 1.1165 0.000274627 3.48942e+07
PLNO 700000 0.905118 0.903315 0.904216 4.49507 0.00353025 2.76548e+07
Hyper 700000 0.907022 0.904311 0.905664 0.0692218 2.2274e-05 2.84379e+07
Coco 700000 0.901673 0.85138 0.875805 135.584 0.0555332 2.24204e+06
USS 700000 0.94595 0.422097 0.583727 907.492 0.337099 808566
SPAO 800000 0.907164 0.904454 0.905807 0.256221 0.000139794 3.30763e+07
HSSO 800000 0.907164 0.904454 0.905807 0.197145 0.000198633 3.52644e+07
PLNO 800000 0.907917 0.900683 0.904286 7.26633 0.00202167 2.8463e+07
Hyper 800000 0.907164 0.904454 0.905807 0.0643992 0.00017531 2.8548e+07
Coco 800000 0.902271 0.876209 0.889049 164.905 0.046133 2.10665e+06
USS 800000 0.943917 0.48136 0.63758 945.061 0.307043 833964
SPAO 900000 0.906993 0.90609 0.906541 0.0607146 0.000821533 3.44109e+07
HSSO 900000 0.906993 0.90609 0.906541 0.0431659 0.000103191 3.62047e+07
PLNO 900000 0.906621 0.902106 0.904358 0.330584 0.00039932 2.96921e+07
Hyper 900000 0.907685 0.905876 0.90678 0.00740585 1.28825e-05 2.87435e+07
Coco 900000 0.90447 0.881047 0.892605 104.866 0.035322 2.32916e+06
USS 900000 0.936384 0.537208 0.682731 784.118 0.259541 807238
SPAO 1000000 0.906851 0.905948 0.906399 0.0706405 0.000106175 3.34081e+07
HSSO 1000000 0.906851 0.905948 0.906399 0.0126113 2.74735e-05 3.55932e+07
PLNO 1000000 0.906041 0.906944 0.906492 0.294756 0.000316451 2.92825e+07
Hyper 1000000 0.9069 0.905094 0.905996 1.11778 0.00168879 2.80047e+07
Coco 1000000 0.903426 0.88183 0.892497 58.8283 0.0191183 2.24139e+06
USS 1000000 0.934923 0.596898 0.728615 623.419 0.234112 816827
