SPAO 10000 0.907895 0.13745 0.238754 51.0058 0.377231 2.19406e+07
HSSO 10000 0.921053 0.139442 0.242215 51.6213 0.462832 2.25782e+07
PLNO 10000 0.898026 0.135956 0.236159 49.3523 0.447385 1.69683e+07
Hyper 10000 0.922753 0.163596 0.277919 49.9732 1.39595 1.69451e+07
Coco 10000 0.89939 0.0734562 0.13582 46.7422 0.674116 3.57718e+06
USS 10000 0.934211 0.0176793 0.0347019 64.3114 0.781437 1.35477e+06
SPAO 20000 0.879112 0.266185 0.408639 29.6949 0.252941 2.31802e+07
HSSO 20000 0.867599 0.262699 0.403287 28.1642 0.229531 2.4541e+07
PLNO 20000 0.871732 0.265687 0.407252 29.9771 0.284741 2.14549e+07
Hyper 20000 0.855932 0.301793 0.446244 29.6549 0.271419 2.00576e+07
Coco 20000 0.893072 0.147659 0.253419 37.6483 0.697824 3.73531e+06
USS 20000 0.940789 0.0356076 0.068618 50.5672 0.687047 1.40889e+06
SPAO 30000 0.841503 0.384711 0.528025 16.7459 0.169706 2.68169e+07
HSSO 30000 0.833333 0.380976 0.522898 20.9378 0.192848 2.81251e+07
PLNO 30000 0.851336 0.380727 0.526153 24.309 0.233039 2.37866e+07
Hyper 30000 0.82874 0.419323 0.556878 24.8425 0.195634 2.25435e+07
Coco 30000 0.88 0.219124 0.350877 28.189 0.534316 4.55736e+06
USS 30000 0.925439 0.0525398 0.0994345 42.4206 0.635009 1.3495e+06
SPAO 40000 0.812287 0.474104 0.598742 17.0621 0.135603 2.8634e+07
HSSO 40000 0.810903 0.474104 0.598366 11.0922 0.111934 3.00056e+07
PLNO 40000 0.81058 0.473108 0.597484 16.5095 0.136458 2.54602e+07
Hyper 40000 0.805514 0.531125 0.640156 10.6376 0.110781 2.53412e+07
Coco 40000 0.86858 0.286355 0.430712 26.4939 0.529291 4.99256e+06
USS 40000 0.953947 0.0722112 0.134259 34.4434 0.580741 1.34133e+06
SPAO 50000 0.806671 0.56001 0.661082 6.96776 0.0917697 3.03089e+07
HSSO 50000 0.796562 0.553785 0.653349 13.6474 0.111867 3.22343e+07
PLNO 50000 0.807322 0.543576 0.649702 9.90844 0.10297 2.68819e+07
Hyper 50000 0.795185 0.600349 0.684166 8.01731 0.0756113 2.68399e+07
Coco 50000 0.848063 0.348855 0.494354 23.1969 0.37783 5.01444e+06
USS 50000 0.927083 0.0886454 0.161818 37.9693 2.35281 1.46069e+06
SPAO 60000 0.794099 0.609811 0.689859 7.48703 0.0734003 2.68211e+07
HSSO 60000 0.79909 0.612052 0.693175 4.90464 0.0520861 2.8347e+07
PLNO 60000 0.795544 0.604582 0.68704 6.32587 0.0682796 2.4008e+07
Hyper 60000 0.789101 0.638197 0.705672 5.85594 0.0708585 2.13334e+07
Coco 60000 0.817996 0.398406 0.535834 21.7481 0.320145 4.74502e+06
USS 60000 0.932609 0.106823 0.191689 31.6559 0.571173 1.62838e+06
SPAO 70000 0.786851 0.664592 0.720572 4.5059 0.0464991 3.05766e+07
HSSO 70000 0.785925 0.664592 0.720183 3.12171 0.0972094 3.42016e+07
PLNO 70000 0.792804 0.636454 0.706077 3.95869 0.053914 2.59023e+07
Hyper 70000 0.783918 0.66758 0.721087 4.76952 0.0462053 2.59334e+07
Coco 70000 0.814516 0.452689 0.581946 17.6959 0.318846 4.28614e+06
USS 70000 0.923507 0.123257 0.217487 28.9899 0.626647 1.52508e+06
SPAO 80000 0.78236 0.680279 0.727757 5.48366 0.0859219 3.22993e+07
HSSO 80000 0.782434 0.678785 0.726933 2.12658 0.0299749 3.43772e+07
PLNO 80000 0.790684 0.667829 0.724082 4.25215 0.0495259 2.97809e+07
Hyper 80000 0.784692 0.709661 0.745293 3.55432 0.0320051 2.84147e+07
Coco 80000 0.809466 0.498257 0.616831 16.7091 0.263109 5.14293e+06
USS 80000 0.918301 0.13994 0.242869 27.5889 0.530097 1.42516e+06
SPAO 90000 0.787667 0.702938 0.742895 2.77198 0.0378368 3.2881e+07
HSSO 90000 0.788504 0.703685 0.743684 2.84701 0.0361307 3.53718e+07
PLNO 90000 0.781109 0.687749 0.731462 3.43848 0.0372192 2.93603e+07
Hyper 90000 0.783843 0.715139 0.747917 1.98202 0.0234177 2.94669e+07
Coco 90000 0.797744 0.528386 0.63571 15.308 0.249408 5.49465e+06
USS 90000 0.907514 0.156375 0.26678 26.5423 0.675257 1.63933e+06
SPAO 100000 0.781014 0.721116 0.749871 0.895063 0.0176977 3.36863e+07
HSSO 100000 0.782127 0.721365 0.750518 2.23152 0.0217856 3.6315e+07
PLNO 100000 0.778773 0.714392 0.745195 1.93479 0.0376182 2.88823e+07
Hyper 100000 0.781921 0.725847 0.752841 2.16399 0.0212689 2.85326e+07
Coco 100000 0.78769 0.567231 0.659525 12.5342 0.192343 5.40004e+06
USS 100000 0.897135 0.171564 0.288043 25.5778 0.554315 1.66648e+06
SPAO 200000 0.779309 0.774651 0.776973 0.0849064 0.00184069 3.48551e+07
HSSO 200000 0.77981 0.775149 0.777473 0.0821595 0.00153995 3.84234e+07
PLNO 200000 0.778201 0.762699 0.770372 0.618016 0.00622637 2.98056e+07
Hyper 200000 0.779678 0.771912 0.775776 0.202671 0.00310975 3.07567e+07
Coco 200000 0.779189 0.717878 0.747278 4.48085 0.0605251 5.5398e+06
USS 200000 0.857422 0.327938 0.474424 15.6836 0.399018 2.09834e+06
SPAO 300000 0.78028 0.776394 0.778333 0.256507 0.00410545 3.5649e+07
HSSO 300000 0.77978 0.775896 0.777833 0.0418244 0.000614892 3.96376e+07
PLNO 300000 0.77978 0.775896 0.777833 0.599565 0.00511345 3.10228e+07
Hyper 300000 0.779559 0.7749 0.777223 0.378595 0.00336597 3.09544e+07
Coco 300000 0.777352 0.757221 0.767154 1.83047 0.0280681 5.84842e+06
USS 300000 0.830295 0.476345 0.60538 11.7608 0.223118 2.2044e+06
SPAO 400000 0.779631 0.779631 0.779631 0 0 3.58827e+07
HSSO 400000 0.779631 0.779631 0.779631 0 0 4.02531e+07
PLNO 400000 0.77925 0.776145 0.777695 0.227205 0.000527775 3.03378e+07
Hyper 400000 0.780531 0.776643 0.778582 0.185517 0.00141937 2.95199e+07
Coco 400000 0.778392 0.771414 0.774887 0.389623 0.00867583 6.16275e+06
USS 400000 0.80039 0.613048 0.694303 5.84209 0.120141 2.18284e+06
SPAO 500000 0.779441 0.777888 0.778664 0.020923 0.000453878 3.60417e+07
HSSO 500000 0.77994 0.778386 0.779163 0.0291289 0.000358131 4.06098e+07
PLNO 500000 0.779661 0.778884 0.779273 0.032346 0.00118198 3.2459e+07
Hyper 500000 0.77991 0.779133 0.779522 0.00104245 1.22301e-05 3.11314e+07
Coco 500000 0.778953 0.770418 0.774662 0.293436 0.00578117 6.0444e+06
USS 500000 0.763528 0.730827 0.746819 3.25228 0.0451301 2.23563e+06
SPAO 600000 0.779631 0.779631 0.779631 0 0 3.62838e+07
HSSO 600000 0.779631 0.779631 0.779631 0 0 4.07452e+07
PLNO 600000 0.779441 0.777888 0.778664 0.00147961 3.80329e-05 3.13111e+07
Hyper 600000 0.779631 0.779631 0.779631 6.29543e-05 4.03663e-05 3.304e+07
Coco 600000 0.77997 0.777639 0.778803 0.245711 0.00210206 6.22349e+06
USS 600000 0.777584 0.779133 0.778358 0.103701 0.0032331 2.22431e+06
SPAO 700000 0.779631 0.779631 0.779631 0 0 3.60592e+07
HSSO 700000 0.779631 0.779631 0.779631 0 0 4.08504e+07
PLNO 700000 0.779631 0.779631 0.779631 9.65133e-06 3.84962e-07 3.11303e+07
Hyper 700000 0.77991 0.779133 0.779522 0.028023 0.000635632 3.05819e+07
Coco 700000 0.77972 0.77739 0.778554 0.204115 0.00293442 6.0978e+06
USS 700000 0.779631 0.779631 0.779631 0 0 2.1476e+06
SPAO 800000 0.779631 0.779631 0.779631 0 0 3.62233e+07
HSSO 800000 0.779631 0.779631 0.779631 0 0 4.09188e+07
PLNO 800000 0.77994 0.778386 0.779163 0.00878831 0.000196324 3.13109e+07
Hyper 800000 0.77991 0.779133 0.779522 0.000821034 1.83697e-05 3.04497e+07
Coco 800000 0.778913 0.778137 0.778525 0.268579 0.00509024 6.47174e+06
USS 800000 0.779631 0.779631 0.779631 0 0 2.17942e+06
SPAO 900000 0.779631 0.779631 0.779631 0 0 3.64008e+07
HSSO 900000 0.779631 0.779631 0.779631 0 0 4.06244e+07
PLNO 900000 0.779631 0.779631 0.779631 0.00666823 5.96372e-05 3.15413e+07
Hyper 900000 0.779631 0.779631 0.779631 0 0 3.17331e+07
Coco 900000 0.77997 0.777639 0.778803 0.437168 0.00344352 6.39709e+06
USS 900000 0.779631 0.779631 0.779631 0 0 2.23298e+06
SPAO 1000000 0.77991 0.779133 0.779522 0.0135356 0.00048316 3.46152e+07
HSSO 1000000 0.779661 0.778884 0.779273 0.00193079 4.13417e-05 4.10505e+07
PLNO 1000000 0.779631 0.779631 0.779631 0 0 3.16804e+07
Hyper 1000000 0.779631 0.779631 0.779631 0 0 3.14659e+07
Coco 1000000 0.779631 0.779631 0.779631 0.00136746 6.01389e-05 6.42824e+06
USS 1000000 0.779631 0.779631 0.779631 0 0 2.2965e+06
