SPAO 10000 1 0.00659645 0.0131064 1.6613e+06 65.788 114.642 30.0103 1.87327e+07
HSSO 10000 1 0.00660944 0.0131321 1.43304e+06 24.3839 27.0117 4.80505 1.72507e+07
PLNO 10000 1 0.0069835 0.0138701 1.49926e+06 194.017 122.592 66.9359 1.68844e+07
Hyper 10000 1 0.00742254 0.0147357 1.47321e+06 392.822 130.641 90.0032 1.26144e+07
Coco 10000 1 0.00247854 0.00494482 6.92851e+06 521.772 0.403858 0.0589931 940758
USS 10000 1 0.000619635 0.0012385 4.96874e+07 4034.41 1.39857e-05 2.50557e-05 319006
SPAO 10000 1 0.00649265 0.0129015 1.57402e+06 567.745 118.241 184.21 1.86226e+07
HSSO 10000 1 0.00656415 0.0130427 1.60878e+06 309.208 143.846 106.179 1.69263e+07
PLNO 10000 1 0.00695129 0.0138066 1.41644e+06 121.344 111.665 174.319 1.71611e+07
Hyper 10000 1 0.00737714 0.0146462 1.36222e+06 53.589 89.3355 46.2963 1.2682e+07
Coco 10000 1 0.00247854 0.00494482 6.80966e+06 386.796 0.206459 0.0521886 934024
USS 10000 1 0.000619635 0.0012385 4.48396e+07 1515.38 0.000151028 5.74838e-05 324060
SPAO 10000 1 0.00660944 0.0131321 1.4164e+06 81.4754 92.0157 33.8329 1.77905e+07
HSSO 10000 1 0.00658345 0.0130808 1.51845e+06 109.425 50.5937 41.8949 1.57099e+07
PLNO 10000 1 0.00690594 0.0137172 1.40873e+06 289.93 222.795 158.224 1.58444e+07
Hyper 10000 1 0.0073773 0.0146466 1.21808e+06 29.8444 33.943 38.2595 1.24322e+07
Coco 10000 1 0.00247854 0.00494482 6.55254e+06 473.113 0.221163 0.0525729 935323
USS 10000 1 0.000619635 0.0012385 4.55519e+07 87.2232 0.000869091 9.99553e-05 328086
SPAO 10000 0.998047 0.00656417 0.0130426 1.5129e+06 411.025 181.533 197.795 1.92404e+07
HSSO 10000 1 0.00660944 0.0131321 1.4916e+06 79.7112 63.3958 13.7322 1.66965e+07
PLNO 10000 1 0.00695761 0.0138191 1.47382e+06 342.063 175.99 184.366 1.68191e+07
Hyper 10000 1 0.00737722 0.0146464 1.42145e+06 250.292 87.4928 42.4056 1.20316e+07
Coco 10000 1 0.00247854 0.00494482 6.63458e+06 324.022 0.406225 0.0611919 912576
USS 10000 1 0.000619635 0.0012385 4.78762e+07 425.771 0.00137726 0.000131369 321958
SPAO 10000 1 0.00651863 0.0129528 1.46728e+06 67.9888 90.9921 92.4304 1.89088e+07
HSSO 10000 1 0.00660944 0.0131321 1.61474e+06 50.7658 114.974 42.5643 1.69155e+07
PLNO 10000 1 0.0069707 0.0138449 1.35964e+06 129.084 58.0181 86.7543 1.75011e+07
Hyper 10000 1 0.00743562 0.0147615 1.25199e+06 44.3827 64.1319 9.76649 1.237e+07
Coco 10000 1 0.00247854 0.00494482 6.55511e+06 431.748 0.153446 0.041946 903305
USS 10000 1 0.000619635 0.0012385 4.48328e+07 2848.13 0.000800912 7.43031e-05 325663
SPAO 20000 1 0.0140322 0.027676 500088 46.0187 39.5764 18.0327 1.95619e+07
HSSO 20000 0.999074 0.0139801 0.0275743 480951 74.6809 46.0905 24.5434 1.82144e+07
PLNO 20000 0.999101 0.0143543 0.028302 510706 74.9158 36.5297 16.4206 1.76159e+07
Hyper 20000 1 0.0147415 0.0290546 552667 51.7718 36.8248 15.2655 1.46273e+07
Coco 20000 1 0.00537017 0.010683 2.12054e+06 168.497 0.378795 0.0558932 953267
USS 20000 1 0.00123927 0.00247547 1.71878e+07 630.383 0.00217974 0.00024396 319533
SPAO 20000 1 0.0139089 0.0274361 496330 65.1496 30.3676 14.7811 1.9637e+07
HSSO 20000 1 0.0138961 0.0274112 476700 81.7454 53.034 28.6117 1.84175e+07
PLNO 20000 1 0.0144125 0.0284155 534444 124.787 27.1595 9.08245 1.75266e+07
Hyper 20000 1 0.0148324 0.0292312 594477 48.1675 48.5477 43.4398 1.49705e+07
Coco 20000 1 0.00537017 0.010683 2.21611e+06 223.521 0.4108 0.0638751 976629
USS 20000 1 0.00123927 0.00247547 1.72966e+07 212.238 0.00114115 0.000231332 315968
SPAO 20000 1 0.013909 0.0274364 503500 62.3263 43.9761 39.161 1.95925e+07
HSSO 20000 0.996317 0.013903 0.0274233 519097 94.5613 46.2017 22.6349 1.81169e+07
PLNO 20000 1 0.0143544 0.0283025 554506 68.8464 36.8213 14.72 1.74903e+07
Hyper 20000 1 0.0148192 0.0292056 467245 73.3813 40.5608 22.4177 1.57572e+07
Coco 20000 0.997596 0.00535723 0.0106572 2.22804e+06 198.459 0.474711 0.0656788 986136
USS 20000 1 0.00123927 0.00247547 1.77866e+07 1071.03 0.00234989 0.000273228 315829
SPAO 20000 0.996783 0.0139481 0.0275112 519493 84.6173 37.931 24.689 1.9131e+07
HSSO 20000 0.990286 0.0136438 0.0269168 501472 147.466 59.4158 52.0036 1.84134e+07
PLNO 20000 0.99551 0.0142638 0.0281246 537581 94.3351 36.608 21.3457 1.6372e+07
Hyper 20000 1 0.0148192 0.0292056 520801 65.7328 37.222 18.8962 1.50995e+07
Coco 20000 1 0.00537017 0.010683 2.08625e+06 163.892 0.392641 0.0667522 992974
USS 20000 1 0.00123927 0.00247547 1.74024e+07 255.727 8.98138e-05 0.000193554 319989
SPAO 20000 1 0.0139154 0.0274488 487221 51.9746 39.6329 28.8141 1.88079e+07
HSSO 20000 1 0.0139023 0.0274233 501867 35.5516 29.9438 9.16101 1.69482e+07
PLNO 20000 1 0.0144581 0.0285042 505117 33.0657 45.0009 22.9462 1.62579e+07
Hyper 20000 1 0.0148063 0.0291806 516536 58.6384 45.461 12.332 1.40867e+07
Coco 20000 1 0.00537017 0.010683 2.09288e+06 206.245 0.254128 0.0572215 945265
USS 20000 1 0.00123927 0.00247547 1.64617e+07 315.564 0.0016432 0.00028111 316578
SPAO 30000 1 0.0211952 0.0415107 265757 45.0199 20.9773 20.5996 2.07014e+07
HSSO 30000 1 0.0214807 0.0420579 247167 22.8116 25.6771 7.86239 1.93096e+07
PLNO 30000 1 0.0215634 0.0422165 261620 49.32 24.8771 27.0463 1.90788e+07
Hyper 30000 0.998545 0.0222013 0.0434369 275002 79.2331 26.8105 22.1963 1.46472e+07
Coco 30000 1 0.0078487 0.0155752 1.12898e+06 107.646 0.295864 0.0520047 947647
USS 30000 1 0.0018589 0.00371091 9.58195e+06 416.294 0.00170726 0.000332293 318699
SPAO 30000 1 0.0212604 0.0416355 262341 40.7233 24.4822 12.5304 2.0424e+07
HSSO 30000 0.994588 0.0213384 0.0417804 246039 37.3128 24.672 16.0301 1.92975e+07
PLNO 30000 1 0.0216667 0.0424145 318250 49.8184 43.7856 24.1084 1.87772e+07
Hyper 30000 1 0.0224607 0.0439345 247270 26.2716 28.0431 16.6106 1.52618e+07
Coco 30000 1 0.0078487 0.0155752 1.15023e+06 155.832 0.289011 0.0548919 943789
USS 30000 1 0.0018589 0.00371091 9.66575e+06 513.171 0.00265931 0.000348064 319314
SPAO 30000 1 0.0214547 0.0420081 264420 27.0601 26.4259 17.2833 2.05953e+07
HSSO 30000 1 0.0213122 0.041735 266677 54.2211 23.9988 13.1294 1.902e+07
PLNO 30000 0.997934 0.0215767 0.0422401 280696 42.4847 24.7624 12.1273 1.90125e+07
Hyper 30000 1 0.022707 0.0444056 247330 35.1275 23.3297 9.74039 1.5186e+07
Coco 30000 1 0.0078487 0.0155752 1.15465e+06 124.407 0.239019 0.0489237 946511
USS 30000 1 0.0018589 0.00371091 9.765e+06 355.328 0.00149007 0.000303267 324634
SPAO 30000 0.992735 0.0210989 0.0413197 274753 69.5989 34.1763 38.561 2.09701e+07
HSSO 30000 1 0.0212927 0.0416976 264350 36.2704 33.468 16.2598 1.89425e+07
PLNO 30000 1 0.0217056 0.042489 271131 34.362 23.3694 12.3679 1.89039e+07
Hyper 30000 1 0.0226874 0.0443683 271808 17.4844 19.7258 8.81447 1.51314e+07
Coco 30000 1 0.0078487 0.0155752 1.16835e+06 128.429 0.416454 0.0628777 975248
USS 30000 1 0.0018589 0.00371091 9.63134e+06 867.753 0.00179533 0.000248332 316946
SPAO 30000 1 0.0213704 0.0418464 262477 48.3438 25.2891 16.2921 2.0946e+07
HSSO 30000 0.995142 0.0211055 0.0413343 262014 55.7875 24.9351 13.8386 1.89374e+07
PLNO 30000 0.999402 0.0217773 0.0426257 295105 30.081 30.1374 17.1497 1.8422e+07
Hyper 30000 0.999716 0.0227135 0.0444178 280452 47.529 21.3406 8.67854 1.50081e+07
Coco 30000 0.999178 0.00784227 0.0155624 1.1529e+06 124.164 0.296037 0.0515697 972982
USS 30000 1 0.0018589 0.00371091 9.7506e+06 964.085 0.00183231 0.000526413 315045
SPAO 40000 1 0.028618 0.0556436 181792 31.853 20.7301 11.5572 2.13178e+07
HSSO 40000 1 0.0287671 0.0559255 178892 27.3368 17.2924 12.4371 1.92402e+07
PLNO 40000 1 0.029148 0.0566448 175665 19.3046 15.7933 10.4311 1.88317e+07
Hyper 40000 1 0.0298836 0.058033 172112 31.3076 19.9052 11.6602 1.67229e+07
Coco 40000 0.998197 0.010721 0.0212142 727608 95.7144 0.250669 0.0503745 1.03664e+06
USS 40000 1 0.00247854 0.00494482 6.2071e+06 331.952 0.00263181 0.000430353 335729
SPAO 40000 1 0.0286501 0.0557042 179213 46.5014 18.8521 11.1054 2.0349e+07
HSSO 40000 0.996624 0.0286053 0.0556144 179214 44.085 21.8462 17.3601 1.87417e+07
PLNO 40000 0.999337 0.0290248 0.0564111 165847 28.7021 23.0844 15.105 1.93664e+07
Hyper 40000 1 0.0296176 0.0575313 177820 46.6936 19.7761 13.5641 1.64617e+07
Coco 40000 1 0.0107403 0.0212524 729178 79.1331 0.255967 0.0482927 1.00865e+06
USS 40000 1 0.00247854 0.00494482 6.22089e+06 525.961 0.0018256 0.000453312 338635
SPAO 40000 1 0.0285595 0.055533 172350 25.1224 18.242 8.79455 2.06209e+07
HSSO 40000 1 0.0286502 0.0557044 182646 34.6811 18.8705 12.6399 1.88826e+07
PLNO 40000 0.99288 0.0286697 0.0557302 162727 46.8985 19.3988 19.664 1.88213e+07
Hyper 40000 0.998247 0.0294427 0.0571984 175023 39.8144 15.4956 9.02005 1.68243e+07
Coco 40000 0.999399 0.0107339 0.0212397 734286 102.566 0.26835 0.0530704 1.00421e+06
USS 40000 1 0.00247854 0.00494482 6.30393e+06 353.37 0.00243596 0.000364655 336364
SPAO 40000 0.996834 0.0284499 0.055321 184709 37.8117 14.6883 8.85008 2.097e+07
HSSO 40000 0.999774 0.028657 0.0557169 175874 28.3217 18.0476 11.2435 1.88229e+07
PLNO 40000 0.997531 0.0288243 0.0560296 168787 31.9305 17.28 6.16814 1.82101e+07
Hyper 40000 1 0.0298247 0.057922 164308 30.0325 16.4293 12.2712 1.68278e+07
Coco 40000 0.999399 0.0107339 0.0212396 715393 85.009 0.298996 0.0547073 1.04193e+06
USS 40000 1 0.00247854 0.00494482 6.11828e+06 642.852 0.00346862 0.000503843 336098
SPAO 40000 1 0.0285471 0.0555096 182677 34.1299 20.7426 11.0393 2.07007e+07
HSSO 40000 1 0.028631 0.0556682 176326 21.3402 19.4446 8.17898 1.88578e+07
PLNO 40000 0.999557 0.0291153 0.0565824 170690 26.6689 17.5704 7.86608 1.92123e+07
Hyper 40000 0.997611 0.0296365 0.057563 169037 37.5132 16.6523 15.3444 1.66037e+07
Coco 40000 1 0.0107403 0.0212524 753710 97.0688 0.279867 0.0551621 1.03673e+06
USS 40000 1 0.00247854 0.00494482 6.13508e+06 497.178 0.0025773 0.000515099 334813
SPAO 50000 0.999458 0.035879 0.0692713 117795 22.7445 16.8449 7.14968 2.14363e+07
HSSO 50000 0.999467 0.0361315 0.0697419 117074 27.7663 12.5116 8.53591 1.99129e+07
PLNO 50000 0.99892 0.0359566 0.0694145 120022 21.4377 14.9233 8.61035 1.957e+07
Hyper 50000 0.999479 0.0371631 0.0716616 125514 16.3958 16.6168 6.21404 1.71076e+07
Coco 50000 0.999512 0.0132123 0.0260799 589215 88.9982 0.337721 0.063929 990786
USS 50000 1 0.00309817 0.00617721 4.34392e+06 346.23 0.00311132 0.000529006 332342
SPAO 50000 0.999284 0.035976 0.0694516 119663 32.5238 16.3864 11.0414 2.15453e+07
HSSO 50000 0.997672 0.035834 0.0691831 118520 33.0643 16.6878 7.57582 1.98092e+07
PLNO 50000 0.999822 0.0361311 0.0697419 119737 19.1129 12.8362 5.86459 1.97642e+07
Hyper 50000 0.998617 0.0372025 0.0717327 127627 28.2669 13.4238 7.22657 1.74132e+07
Coco 50000 0.999023 0.0132059 0.0260673 593078 70.7594 0.407962 0.0664381 996695
USS 50000 1 0.00309817 0.00617721 4.33342e+06 464.553 0.00275788 0.000523882 330385
SPAO 50000 0.99982 0.0361184 0.0697183 111046 26.0743 17.5521 7.9622 2.12794e+07
HSSO 50000 1 0.035937 0.0693808 118713 19.9143 15.4944 8.63039 2.01921e+07
PLNO 50000 0.999818 0.0357615 0.069053 125746 23.0131 13.448 8.40967 1.92539e+07
Hyper 50000 0.999301 0.0368067 0.0709983 111315 25.7379 14.7397 7.37211 1.77339e+07
Coco 50000 1 0.0132189 0.0260928 568911 73.6108 0.331539 0.0596253 1.02801e+06
USS 50000 1 0.00309817 0.00617721 4.32423e+06 282.604 0.00308381 0.000504639 329295
SPAO 50000 0.99982 0.0361058 0.0696948 114464 27.0386 15.4283 10.6601 2.07135e+07
HSSO 50000 0.996235 0.0358853 0.0692752 116943 38.8212 13.1117 9.88412 2.01656e+07
PLNO 50000 0.998929 0.0359695 0.0694387 136485 36.9817 17.0387 11.137 1.94334e+07
Hyper 50000 0.999474 0.0370919 0.0715292 125469 27.5057 18.5574 8.58779 1.74935e+07
Coco 50000 0.998535 0.0131996 0.0260548 564219 72.4122 0.325254 0.0623645 1.02558e+06
USS 50000 1 0.00309817 0.00617721 4.16814e+06 240.969 0.00332577 0.000626691 331282
SPAO 50000 0.998209 0.0360017 0.0694969 118432 27.0544 16.003 7.35007 1.99248e+07
HSSO 50000 0.999644 0.0360731 0.0696334 121366 24.4835 13.1678 6.79112 1.8801e+07
PLNO 50000 1 0.0359823 0.0694651 114750 21.5369 13.8736 6.20579 1.83326e+07
Hyper 50000 0.99896 0.0371695 0.0716722 114585 24.6755 13.0318 10.2382 1.65634e+07
Coco 50000 0.999512 0.0132124 0.02608 567603 52.5892 0.394636 0.0637775 1.01754e+06
USS 50000 1 0.00309817 0.00617721 4.48277e+06 423.69 0.00285327 0.000742604 329968
SPAO 60000 0.998809 0.0432947 0.082992 88547.8 20.2862 11.8005 4.30284 2.12304e+07
HSSO 60000 0.998957 0.0433017 0.0830053 87780 22.3371 11.0886 7.93205 2.05421e+07
PLNO 60000 0.998951 0.0431842 0.0827895 85147.9 21.3586 12.1604 7.70864 2.07411e+07
Hyper 60000 0.999427 0.0450706 0.0862515 87300.3 17.3574 10.5724 6.93371 1.73858e+07
Coco 60000 0.999599 0.016104 0.0316974 397061 65.3288 0.226252 0.0448542 1.03575e+06
USS 60000 1 0.00371781 0.00740807 3.34667e+06 268.602 0.00275339 0.000692232 340736
SPAO 60000 0.999103 0.0432044 0.0828271 86458.6 19.2736 11.6896 8.47754 2.1516e+07
HSSO 60000 0.99925 0.0432818 0.0829698 87710.4 18.1244 9.99486 5.72107 2.03981e+07
PLNO 60000 0.993013 0.043108 0.0826289 93018.8 26.9641 13.3003 8.98907 1.99469e+07
Hyper 60000 0.999708 0.0446554 0.0854921 85589.4 20.3999 9.5259 7.71765 1.75863e+07
Coco 60000 0.999199 0.0160976 0.0316847 391354 60.8776 0.264523 0.0478512 1.07e+06
USS 60000 1 0.00371781 0.00740807 3.23013e+06 195.351 0.00504426 0.000650548 341332
SPAO 60000 0.999701 0.0431582 0.0827442 85154.2 26.8549 9.80408 8.45794 2.14012e+07
HSSO 60000 0.995819 0.0430554 0.082542 85549.1 29.0552 10.9271 10.0726 2.04298e+07
PLNO 60000 0.999094 0.0428796 0.08223 93962.9 27.8833 12.0993 9.33438 2.05079e+07
Hyper 60000 0.999855 0.0449602 0.0860509 84040 17.6378 12.1901 8.44497 1.74696e+07
Coco 60000 0.999199 0.0160976 0.0316846 385872 63.9123 0.303386 0.0512179 1.06701e+06
USS 60000 0.998264 0.00371135 0.00739522 3.3034e+06 261.405 0.00448963 0.00065426 338376
SPAO 60000 0.998074 0.0434769 0.0833241 87370.3 15.2516 8.90579 5.38561 2.13965e+07
HSSO 60000 0.999255 0.0431716 0.0827674 82665.2 20.8685 10.1842 5.56723 1.95979e+07
PLNO 60000 1 0.0431457 0.0827222 93669.3 17.2243 10.3645 5.30234 1.90877e+07
Hyper 60000 0.99912 0.0445909 0.0853716 93680.1 28.4971 12.2395 9.11405 1.58772e+07
Coco 60000 0.999199 0.0160976 0.0316848 390054 54.6582 0.279941 0.0574729 1.04556e+06
USS 60000 1 0.00371781 0.00740807 3.28609e+06 201.234 0.00439056 0.000782715 341777
SPAO 60000 0.999849 0.0433145 0.0830319 84114.3 20.1931 11.7972 7.0788 2.16491e+07
HSSO 60000 0.997766 0.0431462 0.0827156 84677.2 35.8782 10.6024 8.1234 2.02443e+07
PLNO 60000 1 0.0432172 0.0828537 98266.5 18.4337 11.8609 7.75873 1.99715e+07
Hyper 60000 0.999129 0.0447202 0.0856087 94113.7 30.7839 11.6685 8.26908 1.73415e+07
Coco 60000 0.999599 0.0161041 0.0316975 390820 66.701 0.324024 0.0543229 1.03097e+06
USS 60000 0.998264 0.00371129 0.00739509 3.41471e+06 153.607 0.00326262 0.000553161 335976
SPAO 70000 0.998843 0.0502897 0.0957582 64173.3 16.3707 10.6417 8.90952 2.1675e+07
HSSO 70000 0.998105 0.0507048 0.096507 65690.6 14.7115 8.76036 5.63975 2.04925e+07
PLNO 70000 0.999744 0.0506066 0.0963367 75683 19.3026 11.4677 8.06915 2.09582e+07
Hyper 70000 0.999753 0.0525058 0.0997717 62034 12.3742 8.57163 4.45312 1.82605e+07
Coco 70000 0.998958 0.0185697 0.0364615 317334 48.8516 0.369304 0.0661522 1.01265e+06
USS 70000 1 0.00433744 0.00863742 2.63166e+06 188.918 0.00507764 0.000702662 343277
SPAO 70000 0.998722 0.0506653 0.0964383 64704.6 15.6287 9.105 6.46606 2.07695e+07
HSSO 70000 0.99668 0.0504585 0.0960541 65810 21.2538 10.5849 7.00374 2.06713e+07
PLNO 70000 0.99846 0.0502189 0.095628 75524.2 22.8011 10.5821 8.54195 2.09595e+07
Hyper 70000 1 0.05198 0.0988231 67956.9 16.2685 9.29142 7.21997 1.82348e+07
Coco 70000 0.998958 0.0185696 0.0364614 332937 53.5813 0.376995 0.0720707 1.00704e+06
USS 70000 0.998512 0.00433089 0.00862438 2.62373e+06 252.527 0.00326914 0.000582944 347385
SPAO 70000 0.998849 0.050264 0.0957116 66674.5 19.7981 8.35885 6.16906 2.19894e+07
HSSO 70000 0.999743 0.0504251 0.0960077 66552.3 19.2258 8.97946 5.05361 2.07548e+07
PLNO 70000 0.997843 0.05066 0.0964245 70125.6 18.1727 8.71625 6.12476 2.04746e+07
Hyper 70000 0.998397 0.0522728 0.0993442 70120.9 19.8996 8.37486 5.47851 1.83769e+07
Coco 70000 0.998264 0.0185569 0.0364364 317967 52.3696 0.358112 0.0645938 979512
USS 70000 1 0.00433744 0.00863742 2.61802e+06 195.601 0.00581002 0.000878007 326885
SPAO 70000 0.999744 0.0502574 0.0957037 67525.2 20.7047 9.87685 7.62627 2.00725e+07
HSSO 70000 0.998347 0.0504516 0.0960493 67537.3 16.0641 8.41351 5.33725 1.84314e+07
PLNO 70000 0.9986 0.0505431 0.0962163 67521.6 19.0885 10.4107 7.09434 1.87674e+07
Hyper 70000 0.997146 0.0519421 0.0987407 64086.4 16.5284 7.86873 5.31816 1.65919e+07
Coco 70000 1 0.018589 0.0364996 318922 47.8672 0.337754 0.0566504 890101
USS 70000 1 0.00433744 0.00863742 2.5766e+06 242.744 0.00624076 0.000877832 303824
SPAO 70000 0.998591 0.0502443 0.0956747 66863.2 21.4869 9.97229 6.56464 1.97339e+07
HSSO 70000 0.998587 0.0502774 0.0957346 68423.5 18.1933 9.81039 7.06586 1.80017e+07
PLNO 70000 0.999107 0.0504132 0.0959832 70428 22.5854 10.0989 10.0803 1.83065e+07
Hyper 70000 0.999131 0.0518063 0.0985051 63490.9 17.3923 8.89677 6.93138 1.60956e+07
Coco 70000 0.998611 0.0185632 0.0364489 311449 48.0694 0.331489 0.0582436 870895
USS 70000 1 0.00433744 0.00863742 2.63326e+06 188.172 0.00414969 0.000612861 303680
SPAO 80000 0.997324 0.0576547 0.109008 54769 18.9906 7.1269 4.88395 1.97229e+07
HSSO 80000 0.99911 0.0579585 0.109561 53208.5 13.6529 8.56247 4.65453 1.78621e+07
PLNO 80000 1 0.0574851 0.10872 59068.9 15.1864 9.13221 6.20719 1.81549e+07
Hyper 80000 0.997507 0.0594147 0.112149 59111 16.2321 8.68253 6.97101 1.65275e+07
Coco 80000 0.999099 0.0214614 0.0420202 257921 47.78 0.300151 0.0512357 927320
USS 80000 0.998698 0.00495056 0.00985228 2.09724e+06 165.965 0.00540726 0.000885714 302604
SPAO 80000 0.99743 0.0575237 0.108774 55621.8 17.9838 8.21042 9.2131 1.95782e+07
HSSO 80000 0.997222 0.0578748 0.1094 51675.5 12.9753 6.58021 4.43319 1.80365e+07
PLNO 80000 0.999775 0.0578165 0.109312 56939.9 18.9827 8.50101 6.59696 1.86009e+07
Hyper 80000 0.99892 0.0594399 0.112203 56930 16.0665 8.41332 6.51198 1.65418e+07
Coco 80000 0.999099 0.0214614 0.0420201 253139 43.553 0.253326 0.050017 940934
USS 80000 1 0.00495708 0.00986525 2.20041e+06 247.461 0.0051802 0.000859894 301676
SPAO 80000 0.999553 0.0579074 0.109473 55690.7 16.6602 7.47546 5.60391 1.93115e+07
HSSO 80000 0.998879 0.0578549 0.109375 53313.2 14.3333 7.09387 4.88561 1.78171e+07
PLNO 80000 0.998994 0.0578418 0.109352 58651.6 16.9785 7.4993 5.34385 1.84122e+07
Hyper 80000 0.999892 0.0603217 0.113779 55287.5 12.3562 7.93596 4.39349 1.61138e+07
Coco 80000 0.998197 0.021442 0.0419823 252233 47.7569 0.247999 0.047841 935592
USS 80000 1 0.00495708 0.00986525 2.14293e+06 262.881 0.00309731 0.000969687 302655
SPAO 80000 0.999327 0.0578676 0.1094 54250.5 17.9875 6.91239 5.6937 1.94994e+07
HSSO 80000 0.999664 0.0580105 0.109658 53081 10.4816 7.41641 4.71308 1.81151e+07
PLNO 80000 0.99798 0.0574793 0.108698 58919.6 14.442 9.00363 5.06222 1.86264e+07
Hyper 80000 0.997632 0.0596488 0.112567 57970.5 16.497 9.33377 9.00561 1.67426e+07
Coco 80000 0.999099 0.0214612 0.0420198 254472 41.5533 0.280434 0.0507614 949811
USS 80000 1 0.00495708 0.00986525 2.16779e+06 162.872 0.00420042 0.000844603 304853
SPAO 80000 0.998762 0.0577246 0.109141 57272 16.8918 8.75154 5.42604 1.94122e+07
HSSO 80000 0.998988 0.057602 0.108923 53274.1 16.2171 6.83208 6.09792 1.8041e+07
PLNO 80000 0.998771 0.0577512 0.109189 58073.9 17.1142 8.39117 5.35947 1.86851e+07
Hyper 80000 0.997952 0.0600176 0.113226 56008.4 15.6138 7.79039 5.41378 1.64693e+07
Coco 80000 0.999099 0.0214613 0.04202 250134 43.2381 0.330582 0.0530453 951935
USS 80000 1 0.00495708 0.00986525 2.11781e+06 188.788 0.00473349 0.000865032 305316
SPAO 90000 0.999701 0.0648565 0.12181 44717.7 15.3653 6.85738 6.78492 1.94136e+07
HSSO 90000 0.997725 0.0648693 0.121818 44133.3 18.4282 7.44225 6.36931 1.86286e+07
PLNO 90000 0.998007 0.0645651 0.121284 47646.3 16.4998 7.01143 5.84883 1.83827e+07
Hyper 90000 0.997482 0.0667789 0.125177 47509.1 16.6045 7.6018 5.18086 1.64277e+07
Coco 90000 0.998922 0.0239333 0.0467466 212384 36.3146 0.291191 0.0483626 947845
USS 90000 0.998843 0.00557029 0.0110788 1.82465e+06 145.864 0.00407295 0.00077637 299248
SPAO 90000 0.997536 0.0649672 0.121989 43204.3 12.0276 6.83626 4.29698 1.94593e+07
HSSO 90000 0.998902 0.0648756 0.121838 44726.5 14.3262 7.51805 6.03603 1.88032e+07
PLNO 90000 0.999205 0.0649532 0.121977 47249.7 13.2116 7.04014 4.23447 1.82307e+07
Hyper 90000 0.998558 0.0669802 0.12554 48655.6 13.9758 7.59908 5.18337 1.61463e+07
Coco 90000 0.999461 0.0239462 0.0467718 216475 38.5575 0.29291 0.0585671 944528
USS 90000 1 0.00557671 0.0110916 1.82104e+06 160.639 0.00510931 0.000735349 302066
SPAO 90000 0.997917 0.06483 0.12175 44747.6 17.7367 7.20512 5.64819 1.94201e+07
HSSO 90000 0.99931 0.0652196 0.122448 46281.7 15.0165 6.05282 5.05232 1.84831e+07
PLNO 90000 0.998598 0.0645902 0.121333 46703.9 12.7053 6.02611 3.2621 1.81151e+07
Hyper 90000 0.999417 0.0666422 0.124952 47057.1 14.5633 6.67581 4.84375 1.67704e+07
Coco 90000 0.999461 0.0239462 0.0467718 213120 43.5202 0.296357 0.0512293 961722
USS 90000 1 0.00557671 0.0110916 1.79236e+06 150.605 0.00703131 0.000937584 307070
SPAO 90000 0.997225 0.0647594 0.121621 45615.1 14.7601 6.65615 5.30124 1.93362e+07
HSSO 90000 0.997224 0.064766 0.121632 45099.5 13.49 6.82244 4.32302 1.82473e+07
PLNO 90000 0.996413 0.0647463 0.121592 51358.6 19.4433 7.52937 6.20925 1.74201e+07
Hyper 90000 0.996313 0.0663386 0.124395 46624.1 17.469 7.87231 5.23492 1.62807e+07
Coco 90000 0.998922 0.0239334 0.0467467 217949 45.3389 0.269755 0.0473981 959291
USS 90000 1 0.00557671 0.0110916 1.78771e+06 168.048 0.00521471 0.00102854 309051
SPAO 90000 0.997609 0.0646625 0.121453 43832.3 12.5336 6.55066 5.15024 1.96459e+07
HSSO 90000 0.9997 0.0652125 0.122438 45298.4 15.0751 6.75491 5.52998 1.88065e+07
PLNO 90000 0.997825 0.065051 0.122139 46904.1 15.6899 8.0237 4.93947 1.89956e+07
Hyper 90000 0.995683 0.0668705 0.125324 44050.2 12.5291 6.19627 5.14616 1.66131e+07
Coco 90000 0.998653 0.0239271 0.0467344 212916 41.9668 0.3015 0.0483016 953403
USS 90000 0.997685 0.00556377 0.0110658 1.83533e+06 202.996 0.00404128 0.000819403 288788
SPAO 100000 0.994161 0.0710997 0.132708 39710.7 15.6466 6.19595 4.68035 1.96658e+07
HSSO 100000 0.997732 0.0713744 0.133219 37733.1 12.7012 5.35773 4.84637 1.91409e+07
PLNO 100000 0.998116 0.0713871 0.133244 40383.9 13.5588 7.20003 5.74137 1.83343e+07
Hyper 100000 0.997995 0.0741553 0.138053 37280.9 10.9103 6.15749 4.45549 1.60441e+07
Coco 100000 0.999279 0.0268315 0.0522598 187981 38.2124 0.358929 0.06818 923877
USS 100000 1 0.00619635 0.0123164 1.52007e+06 164.793 0.00404179 0.000818302 302737
SPAO 100000 0.996846 0.0712596 0.133011 37624.4 14.0536 5.05187 4.94582 2.07986e+07
HSSO 100000 0.99991 0.0716075 0.133644 38706.7 12.0708 7.09946 4.7396 1.92595e+07
PLNO 100000 0.999819 0.0718197 0.134013 40784.7 12.6588 6.24955 4.6648 1.90881e+07
Hyper 100000 0.998703 0.0744153 0.13851 39617.3 12.6622 6.51249 4.03082 1.64947e+07
Coco 100000 0.999279 0.0268313 0.0522594 188714 38.0797 0.382157 0.0700388 958445
USS 100000 0.998958 0.00618992 0.0123036 1.55979e+06 171.99 0.00437994 0.000987879 334438
SPAO 100000 0.997106 0.0711871 0.132887 38018.6 12.7927 6.4555 5.48996 2.12187e+07
HSSO 100000 0.993436 0.0712729 0.133004 37456.1 12.8977 5.13896 4.10407 2.10354e+07
PLNO 100000 0.997486 0.0719046 0.13414 40776.7 13.1128 6.42858 4.17966 1.99398e+07
Hyper 100000 0.997484 0.0741632 0.138061 38346.4 11.4769 5.68798 3.62504 1.77503e+07
Coco 100000 0.998798 0.0268183 0.0522341 186430 39.0184 0.397704 0.0659403 998097
USS 100000 0.998958 0.00618983 0.0123034 1.52326e+06 144.607 0.00512906 0.00102455 333432
SPAO 100000 0.996389 0.0712145 0.132928 36704.5 13.876 5.24511 4.19785 2.21452e+07
HSSO 100000 0.99918 0.0713485 0.133187 38508.8 16.9254 5.64659 4.10836 2.08454e+07
PLNO 100000 0.99704 0.0715171 0.133461 42372.9 16.0981 6.9772 5.54333 2.05249e+07
Hyper 100000 0.997481 0.0741307 0.138005 37824.1 11.0662 6.62127 4.10556 1.80146e+07
Coco 100000 0.997596 0.026786 0.0521712 187713 37.4249 0.413645 0.0692014 1.04003e+06
USS 100000 0.998958 0.00618988 0.0123035 1.5e+06 143.492 0.00630747 0.000961936 330454
SPAO 100000 0.999181 0.0713678 0.13322 38511.3 13.064 7.51934 4.81747 1.99025e+07
HSSO 100000 0.999274 0.0711536 0.132848 39212.2 14.4799 7.04004 5.50879 1.93622e+07
PLNO 100000 0.99928 0.0717419 0.133873 38722.1 13.8513 5.90619 4.16058 1.94667e+07
Hyper 100000 0.998253 0.0732681 0.136516 41356.4 13.4423 7.60082 5.75658 1.70516e+07
Coco 100000 0.999279 0.0268314 0.0522597 186558 36.9331 0.357705 0.0625711 974114
USS 100000 1 0.00619635 0.0123164 1.50713e+06 161.921 0.00640017 0.000867924 329208
SPAO 200000 0.996425 0.140906 0.246898 12033.1 6.98031 2.61205 2.72623 2.29678e+07
HSSO 200000 0.997244 0.142418 0.249241 11998.8 5.84456 2.16749 2.02588 2.09969e+07
PLNO 200000 0.997282 0.142597 0.249516 13578.5 5.80561 2.37679 2.36912 2.15826e+07
Hyper 200000 0.995653 0.146536 0.255473 12759 6.74483 2.51272 2.32123 1.60636e+07
Coco 200000 0.998197 0.0536045 0.101745 64840.2 18.4803 0.405948 0.0697732 1.05325e+06
USS 200000 1 0.0123927 0.024482 523912 82.6087 0.0114025 0.00167498 355685
SPAO 200000 0.996976 0.142877 0.249936 11848.9 6.61449 2.26446 1.98397 2.31429e+07
HSSO 200000 0.996619 0.142437 0.249251 11934.5 6.44247 2.17387 2.19694 2.10052e+07
PLNO 200000 0.997286 0.142318 0.24909 13282 6.29701 2.90723 2.65531 2.13478e+07
Hyper 200000 0.995361 0.146614 0.255581 12720.3 6.85913 2.37608 2.2545 1.65345e+07
Coco 200000 0.997356 0.0535595 0.10166 61717.8 17.5774 0.435477 0.0681975 1.07177e+06
USS 200000 1 0.0123927 0.024482 522413 65.4893 0.00829338 0.00141601 362579
SPAO 200000 0.99841 0.142021 0.248669 12114.7 5.81969 2.51968 2.48849 2.28217e+07
HSSO 200000 0.996919 0.142333 0.249101 12003.9 6.67925 2.30305 2.38698 2.08745e+07
PLNO 200000 0.997958 0.14244 0.249297 12953.7 5.86288 2.43508 2.2157 2.14409e+07
Hyper 200000 0.995986 0.147736 0.257305 11787.4 4.98985 2.30691 1.79582 1.65117e+07
Coco 200000 0.998077 0.0535982 0.101733 62816.6 17.9633 0.462507 0.0722706 1.08136e+06
USS 200000 0.999479 0.0123862 0.0244691 524002 82.3403 0.0105149 0.00158371 356413
SPAO 200000 0.996473 0.142321 0.249068 11671.2 5.70378 2.20518 2.35237 2.30143e+07
HSSO 200000 0.997823 0.14204 0.24868 11713.1 6.51952 2.45534 2.32075 2.1147e+07
PLNO 200000 0.997523 0.142673 0.249641 13068.1 5.71302 2.58632 2.04048 2.13521e+07
Hyper 200000 0.998477 0.148018 0.257817 12252.9 5.70755 2.27927 2.21555 1.66083e+07
Coco 200000 0.997476 0.0535662 0.101672 63985.5 18.1132 0.402536 0.0646026 1.03062e+06
USS 200000 1 0.0123927 0.024482 530572 85.4204 0.0103618 0.00165064 353008
SPAO 200000 0.997153 0.142087 0.248732 12140.7 6.38009 2.46608 2.44351 2.27171e+07
HSSO 200000 0.997513 0.142817 0.24986 11849.3 6.15479 2.3996 1.9704 2.07649e+07
PLNO 200000 0.994232 0.142611 0.249442 13005.8 6.272 2.6216 2.38135 2.15733e+07
Hyper 200000 0.994249 0.146914 0.256 12176.8 5.99314 2.30692 2.20037 1.65501e+07
Coco 200000 0.998077 0.0535981 0.101733 62274.2 17.4314 0.358564 0.0691841 1.07392e+06
USS 200000 1 0.0123927 0.024482 530347 75.2419 0.0079617 0.00156414 363147
SPAO 300000 0.995523 0.213171 0.35115 5872.75 3.39174 1.21076 1.33234 2.35391e+07
HSSO 300000 0.996735 0.212926 0.350893 6056.84 3.94232 1.27267 1.4098 2.16208e+07
PLNO 300000 0.995093 0.211811 0.349277 6229.1 3.49253 1.40283 1.42338 2.17692e+07
Hyper 300000 0.995719 0.218688 0.358614 5578.01 3.58523 1.27933 1.45464 1.97598e+07
Coco 300000 0.998077 0.0803973 0.148808 31154.3 11.352 0.329045 0.0615242 1.11798e+06
USS 300000 0.998264 0.0185567 0.0364361 277355 54.5162 0.0143316 0.00234613 368691
SPAO 300000 0.996463 0.212883 0.350817 5875.4 3.39633 1.28607 1.43981 2.37464e+07
HSSO 300000 0.995522 0.211496 0.348874 5888.28 3.87158 1.26473 1.41555 2.1769e+07
PLNO 300000 0.995831 0.21146 0.348844 6357.51 3.83428 1.48512 1.63261 2.179e+07
Hyper 300000 0.994234 0.219481 0.359583 5617.21 3.41801 1.19979 1.26041 1.93075e+07
Coco 300000 0.998077 0.0803974 0.148808 31446.9 11.4519 0.339532 0.0630819 1.04807e+06
USS 300000 0.998611 0.0185632 0.0364489 279844 52.009 0.0124054 0.00212582 366922
SPAO 300000 0.995498 0.211464 0.348829 6051.6 4.01634 1.34973 1.51163 2.33318e+07
HSSO 300000 0.995728 0.213207 0.351211 5962.7 3.70422 1.22417 1.24666 2.14335e+07
PLNO 300000 0.9964 0.212988 0.350956 6222.77 3.56831 1.53277 1.50152 2.17691e+07
Hyper 300000 0.99542 0.220017 0.36038 5673.46 3.5678 1.22614 1.42052 1.98991e+07
Coco 300000 0.997276 0.0803327 0.148688 31074.4 11.1727 0.342688 0.062239 1.11566e+06
USS 300000 0.998958 0.0185697 0.0364616 277710 56.3548 0.0121252 0.00227841 366555
SPAO 300000 0.996509 0.211663 0.349163 6002.82 3.59196 1.23494 1.38729 2.15837e+07
HSSO 300000 0.995658 0.213026 0.350962 5830.65 3.51119 1.41798 1.47461 2.02019e+07
PLNO 300000 0.994434 0.212037 0.349543 6594.41 3.88329 1.51703 1.50331 2.04963e+07
Hyper 300000 0.995843 0.219843 0.360173 5397.95 3.27892 1.12585 1.21283 1.91438e+07
Coco 300000 0.997516 0.080352 0.148724 31481.8 12.0404 0.373586 0.063419 1.11302e+06
USS 300000 0.999653 0.0185826 0.036487 277574 56.5467 0.0147425 0.00228829 366466
SPAO 300000 0.993968 0.211651 0.34899 6194.06 3.8627 1.24574 1.46217 2.36202e+07
HSSO 300000 0.993865 0.212371 0.349961 5808.97 3.75364 1.28837 1.43345 2.15019e+07
PLNO 300000 0.995334 0.212672 0.350461 6316.2 3.53254 1.41193 1.39744 2.17821e+07
Hyper 300000 0.996234 0.219816 0.360163 5948.84 3.88851 1.37013 1.42184 1.98445e+07
Coco 300000 0.997516 0.0803521 0.148724 31545.9 11.7047 0.329799 0.0628934 1.06254e+06
USS 300000 0.999653 0.0185826 0.0364869 273327 48.0894 0.0147045 0.00235152 362776
SPAO 400000 0.992911 0.282144 0.439423 3358.96 2.70949 0.801628 1.04569 2.30416e+07
HSSO 400000 0.994397 0.282113 0.43953 3488.19 2.60254 0.863833 1.02821 2.04206e+07
PLNO 400000 0.994827 0.281281 0.438562 3791.61 2.64704 0.987365 1.15062 2.06493e+07
Hyper 400000 0.994919 0.288787 0.447641 3337.71 2.53887 0.8829 1.0413 1.92562e+07
Coco 400000 0.997416 0.107126 0.193472 19603.3 8.16143 0.376937 0.0706264 1.10994e+06
USS 400000 0.998958 0.0247593 0.048321 177815 38.9012 0.0159919 0.00276337 381442
SPAO 400000 0.994208 0.279826 0.436732 3432.01 2.70105 0.787917 1.03042 2.40023e+07
HSSO 400000 0.993177 0.28208 0.439371 3381.97 2.57887 0.7661 1.01013 2.17434e+07
PLNO 400000 0.994758 0.281152 0.438398 3697.55 2.56557 0.966318 1.09171 2.20668e+07
Hyper 400000 0.993706 0.289462 0.448329 3397.24 2.48076 0.840289 1.04078 1.90664e+07
Coco 400000 0.997296 0.107112 0.193448 19442.9 8.30254 0.343915 0.0689719 1.08256e+06
USS 400000 0.99974 0.0247789 0.0483591 175250 40.319 0.0142356 0.00268661 380707
SPAO 400000 0.995337 0.28174 0.439169 3370.27 2.59627 0.837841 1.06038 2.40191e+07
HSSO 400000 0.992891 0.281257 0.438344 3343.8 2.43673 0.796173 0.996476 2.16114e+07
PLNO 400000 0.99304 0.280402 0.43732 3794.25 2.77513 0.948109 1.09087 2.14659e+07
Hyper 400000 0.99421 0.288491 0.447213 3305.91 2.60055 0.816501 1.07797 2.06522e+07
Coco 400000 0.997897 0.107177 0.193565 19572.2 8.29905 0.364808 0.071782 1.10933e+06
USS 400000 0.999219 0.0247659 0.0483338 177238 36.9872 0.0153054 0.00282273 375462
SPAO 400000 0.992292 0.280636 0.437531 3477.56 2.66931 0.84207 1.09468 2.2506e+07
HSSO 400000 0.994959 0.28228 0.439788 3385.99 2.5348 0.832873 1.06434 2.04422e+07
PLNO 400000 0.994316 0.28128 0.438511 3739.05 2.58431 0.927935 1.07349 2.1163e+07
Hyper 400000 0.992521 0.288799 0.447412 3342.84 2.53306 0.758336 0.986022 2.03515e+07
Coco 400000 0.997115 0.107093 0.193413 19670.8 8.13863 0.353104 0.0696637 1.1083e+06
USS 400000 0.998698 0.024753 0.0483087 174928 37.3894 0.01643 0.00288831 382325
SPAO 400000 0.995001 0.282362 0.439891 3436.13 2.66653 0.867466 1.06209 2.35711e+07
HSSO 400000 0.993068 0.280914 0.437945 3394.99 2.54943 0.906693 1.15256 2.17868e+07
PLNO 400000 0.99468 0.28063 0.437755 3831.55 2.67597 0.89413 1.12731 2.18527e+07
Hyper 400000 0.993464 0.289637 0.448514 3430.63 2.41428 0.78608 1.02364 2.05081e+07
Coco 400000 0.996695 0.107049 0.193333 19754.4 8.39536 0.394354 0.0706866 1.07529e+06
USS 400000 0.998958 0.0247596 0.0483216 175144 39.0446 0.0183182 0.00303077 377747
SPAO 500000 0.99166 0.348936 0.516227 2359.56 2.01741 0.631564 0.819993 2.38336e+07
HSSO 500000 0.994044 0.351642 0.519508 2227.28 1.82094 0.687246 0.798602 2.17702e+07
PLNO 500000 0.993025 0.349574 0.51711 2494.29 1.93995 0.703163 0.833337 2.17797e+07
Hyper 500000 0.992611 0.358415 0.526662 2284.26 1.85626 0.628469 0.823222 2.04222e+07
Coco 500000 0.996971 0.133847 0.236009 13112.7 6.48171 0.368343 0.0690965 1.11569e+06
USS 500000 0.99875 0.0309429 0.0600261 124241 31.618 0.0186631 0.00362641 388045
SPAO 500000 0.994988 0.350955 0.518887 2287.72 1.89233 0.631288 0.770223 2.40095e+07
HSSO 500000 0.994477 0.351295 0.519189 2275.82 1.87951 0.605487 0.836328 2.19658e+07
PLNO 500000 0.993279 0.347744 0.515139 2510.3 1.96765 0.659643 0.838293 2.22357e+07
Hyper 500000 0.991994 0.359251 0.527476 2170.07 1.84972 0.575032 0.801989 2.05378e+07
Coco 500000 0.996635 0.133802 0.235929 12943.8 6.38952 0.365989 0.0660258 1.07571e+06
USS 500000 0.99875 0.0309428 0.0600259 123773 31.9251 0.0211708 0.00340017 368008
SPAO 500000 0.993019 0.348898 0.516369 2328.39 2.01381 0.701284 0.859122 2.32402e+07
HSSO 500000 0.993346 0.350772 0.518464 2338.21 1.97548 0.5657 0.784859 2.03826e+07
PLNO 500000 0.993046 0.348333 0.515754 2414.35 1.96032 0.609096 0.843322 2.0801e+07
Hyper 500000 0.992981 0.357942 0.526203 2195.24 1.82213 0.566733 0.816378 1.95706e+07
Coco 500000 0.996058 0.133725 0.235793 12907.3 6.39913 0.353446 0.0703426 1.07804e+06
USS 500000 0.999792 0.0309753 0.0600889 123296 30.8886 0.017118 0.00373826 373941
SPAO 500000 0.993612 0.349685 0.517311 2246.57 1.84632 0.535685 0.804655 2.1819e+07
HSSO 500000 0.994221 0.351577 0.519461 2250.11 1.7931 0.558919 0.779903 1.93976e+07
PLNO 500000 0.991387 0.346581 0.513608 2453.21 2.03761 0.647207 0.874364 2.00038e+07
Hyper 500000 0.99291 0.358156 0.526424 2253.12 1.85958 0.591154 0.842387 1.91447e+07
Coco 500000 0.996587 0.133795 0.235918 13021.5 6.4836 0.361802 0.0710122 1.11275e+06
USS 500000 0.998958 0.0309495 0.0600388 124014 33.4212 0.0178839 0.00350352 387223
SPAO 500000 0.994435 0.351879 0.519821 2214.37 1.68297 0.604778 0.72666 2.38146e+07
HSSO 500000 0.992975 0.35084 0.518487 2331.8 1.94711 0.60041 0.779741 2.18321e+07
PLNO 500000 0.993564 0.350387 0.518072 2450.11 1.89693 0.604517 0.76341 2.2085e+07
Hyper 500000 0.992834 0.35959 0.52796 2272.43 1.82615 0.549616 0.769198 2.07583e+07
Coco 500000 0.997115 0.133866 0.236043 12911.3 6.39108 0.36168 0.0711405 1.04934e+06
USS 500000 0.99875 0.030943 0.0600263 123897 33.7921 0.020767 0.0034607 378436
SPAO 600000 0.992602 0.417192 0.58747 1504.13 1.5319 0.389387 0.631491 2.36928e+07
HSSO 600000 0.991841 0.417882 0.58802 1489.23 1.51446 0.329868 0.57807 2.06676e+07
PLNO 600000 0.990379 0.413747 0.58366 1719.38 1.52885 0.472106 0.698743 2.07454e+07
Hyper 600000 0.992527 0.424988 0.595143 1577.44 1.40054 0.428344 0.652067 1.99279e+07
Coco 600000 0.996995 0.16062 0.276668 9562.9 5.27208 0.352848 0.0676588 1.05013e+06
USS 600000 0.998958 0.0371393 0.0716161 91705.3 26.4943 0.0236642 0.00401515 356892
SPAO 600000 0.993078 0.417625 0.587982 1458.81 1.45779 0.390349 0.672535 2.41465e+07
HSSO 600000 0.991743 0.416238 0.586373 1499.38 1.46291 0.366894 0.621333 2.07364e+07
PLNO 600000 0.990564 0.4141 0.584044 1696.17 1.48119 0.477729 0.666623 2.06946e+07
Hyper 600000 0.991941 0.426126 0.596152 1522.94 1.47908 0.395262 0.647207 1.97804e+07
Coco 600000 0.996154 0.160486 0.276436 9483.22 5.29631 0.34147 0.0695841 1.07034e+06
USS 600000 0.999306 0.0371523 0.0716411 91594.9 24.9035 0.0216197 0.00378927 380763
SPAO 600000 0.991022 0.414831 0.58485 1473.57 1.44021 0.345435 0.614779 2.41718e+07
HSSO 600000 0.993937 0.419088 0.589582 1484.03 1.43823 0.388346 0.611309 2.19425e+07
PLNO 600000 0.991362 0.414107 0.584189 1723.47 1.45001 0.443903 0.672471 2.20614e+07
Hyper 600000 0.991734 0.426185 0.596172 1511.33 1.39921 0.39595 0.61294 2.08907e+07
Coco 600000 0.996995 0.160621 0.276669 9542.98 5.3188 0.329117 0.0698047 1.10697e+06
USS 600000 0.999306 0.0371522 0.0716409 92120.9 25.2098 0.0224905 0.00400113 382834
SPAO 600000 0.98999 0.417435 0.587252 1470.12 1.42555 0.370953 0.580803 2.25671e+07
HSSO 600000 0.991498 0.416531 0.586621 1472.36 1.43174 0.362424 0.601701 1.90652e+07
PLNO 600000 0.991571 0.412265 0.58239 1741.25 1.59926 0.514136 0.743047 1.94069e+07
Hyper 600000 0.993135 0.426615 0.596846 1504.55 1.42967 0.431995 0.614962 1.96464e+07
Coco 600000 0.996314 0.16051 0.276479 9374.05 5.28992 0.332343 0.0694958 1.10541e+06
USS 600000 0.998264 0.0371133 0.071566 92568.5 24.1219 0.022784 0.0038027 388537
SPAO 600000 0.991692 0.417486 0.587601 1473.66 1.37114 0.381022 0.622257 2.45442e+07
HSSO 600000 0.992042 0.416522 0.586707 1476.44 1.47731 0.389473 0.632181 2.1901e+07
PLNO 600000 0.992889 0.413834 0.584182 1692.18 1.44039 0.476795 0.645256 2.19565e+07
Hyper 600000 0.991378 0.424788 0.59474 1525.28 1.46526 0.41774 0.683136 2.11216e+07
Coco 600000 0.996194 0.160491 0.276446 9553.29 5.19238 0.356031 0.0714651 1.0818e+06
USS 600000 0.998611 0.0371263 0.071591 93092.2 27.0979 0.0233252 0.00393703 375609
SPAO 700000 0.993948 0.487452 0.654113 1042.4 1.14197 0.269739 0.489036 2.49397e+07
HSSO 700000 0.991316 0.48646 0.652651 1029.73 1.06042 0.276904 0.462911 2.20434e+07
PLNO 700000 0.992578 0.481864 0.648771 1214.24 1.13134 0.324797 0.499335 2.10271e+07
Hyper 700000 0.991049 0.491301 0.656934 1142.16 1.15025 0.316404 0.49885 1.92935e+07
Coco 700000 0.994952 0.187007 0.314838 7452.63 4.30903 0.39636 0.081193 1.09537e+06
USS 700000 0.998512 0.0433096 0.0830184 72039.1 22.3982 0.0258515 0.00425632 373429
SPAO 700000 0.991851 0.48436 0.650873 1037.77 1.08455 0.291173 0.486827 2.48917e+07
HSSO 700000 0.992931 0.486203 0.652769 1030.69 1.08379 0.28645 0.470215 2.17115e+07
PLNO 700000 0.991656 0.480973 0.647767 1215.69 1.14609 0.321279 0.501165 2.2021e+07
Hyper 700000 0.992198 0.491868 0.657694 1129.14 1.11626 0.329764 0.529033 2.04606e+07
Coco 700000 0.995639 0.187135 0.315054 7570.24 4.33511 0.409438 0.0815339 1.06063e+06
USS 700000 0.999107 0.0433356 0.0830683 71516.2 20.5389 0.027697 0.00465311 379354
SPAO 700000 0.991441 0.485535 0.651844 1034.04 1.16471 0.287645 0.488524 2.43654e+07
HSSO 700000 0.992809 0.48628 0.652811 1029.19 1.07065 0.274459 0.487991 2.05441e+07
PLNO 700000 0.99206 0.481728 0.648537 1230.44 1.14442 0.373342 0.532159 2.11804e+07
Hyper 700000 0.991068 0.492037 0.657597 1169.7 1.10532 0.305408 0.488814 1.9457e+07
Coco 700000 0.995261 0.187064 0.314935 7648.5 4.52496 0.406317 0.0803346 1.05097e+06
USS 700000 0.998958 0.0433295 0.0830564 71375.8 22.112 0.0269544 0.00437794 386597
SPAO 700000 0.992163 0.486517 0.652885 1035.21 1.03935 0.284953 0.464455 2.36982e+07
HSSO 700000 0.993386 0.485556 0.652284 1044.54 1.11021 0.282669 0.483376 2.05278e+07
PLNO 700000 0.990251 0.479109 0.645775 1237.03 1.17044 0.352303 0.517292 2.05605e+07
Hyper 700000 0.992197 0.492801 0.658527 1157.84 1.11801 0.318322 0.47582 1.92745e+07
Coco 700000 0.994815 0.186981 0.314794 7622.23 4.30706 0.390234 0.0801496 1.07977e+06
USS 700000 0.998661 0.0433162 0.083031 72235.8 21.3428 0.0263377 0.00454336 383901
SPAO 700000 0.991111 0.484886 0.651188 1068.56 1.15125 0.304513 0.498715 2.50301e+07
HSSO 700000 0.992779 0.486573 0.653069 1008.27 1.07049 0.271197 0.485302 2.18136e+07
PLNO 700000 0.990026 0.480456 0.64695 1233.52 1.18515 0.342223 0.516649 2.19992e+07
Hyper 700000 0.992947 0.492668 0.658574 1132.05 1.08955 0.290415 0.457121 2.08007e+07
Coco 700000 0.995192 0.187051 0.314913 7531.37 4.39979 0.383787 0.0809465 1.08141e+06
USS 700000 0.999107 0.0433358 0.0830685 72191.8 22.8697 0.0233736 0.00460683 384790
SPAO 800000 0.991893 0.543369 0.702113 761.533 0.897135 0.216821 0.386229 2.46681e+07
HSSO 800000 0.991567 0.543225 0.701912 780.77 0.898604 0.238574 0.421968 2.19223e+07
PLNO 800000 0.99274 0.539649 0.69921 904.965 0.924443 0.266898 0.412162 2.21568e+07
Hyper 800000 0.992224 0.549387 0.707202 816.64 0.853229 0.259088 0.411213 2.13544e+07
Coco 800000 0.995879 0.213682 0.351866 5709.85 3.70307 0.388219 0.0800604 1.09496e+06
USS 800000 0.997786 0.049461 0.09425 58270.5 19.1075 0.0273432 0.00482501 365655
SPAO 800000 0.992467 0.54183 0.700971 776.368 0.898547 0.203727 0.37244 2.42702e+07
HSSO 800000 0.992563 0.543073 0.702034 759.315 0.849612 0.212254 0.371645 2.0832e+07
PLNO 800000 0.992321 0.537118 0.696979 942.048 0.964706 0.285062 0.425607 2.18837e+07
Hyper 800000 0.992119 0.551368 0.708814 799.12 0.864317 0.242522 0.409545 2.09353e+07
Coco 800000 0.996029 0.213715 0.351919 5691.52 3.67542 0.359581 0.0795775 1.06296e+06
USS 800000 0.999219 0.0495319 0.0943852 57747.4 19.0345 0.0276575 0.00485343 358680
SPAO 800000 0.992375 0.544898 0.70351 762.702 0.869082 0.220517 0.383998 2.38943e+07
HSSO 800000 0.991995 0.542013 0.701006 777.723 0.903214 0.21655 0.415893 2.06595e+07
PLNO 800000 0.991607 0.537044 0.696741 900.51 0.900194 0.289367 0.442767 2.10388e+07
Hyper 800000 0.992647 0.549857 0.707699 788.665 0.841372 0.228022 0.384549 2.00654e+07
Coco 800000 0.996089 0.213728 0.35194 5684.15 3.65934 0.343827 0.079293 1.09521e+06
USS 800000 0.999349 0.0495385 0.0943977 57743.4 18.5171 0.0279063 0.00500976 381587
SPAO 800000 0.991968 0.541978 0.70097 761.055 0.868141 0.210706 0.373453 2.39158e+07
HSSO 800000 0.991973 0.542628 0.701514 756.161 0.854041 0.213283 0.385957 2.05685e+07
PLNO 800000 0.991853 0.537079 0.696831 903.185 0.940001 0.264164 0.422741 2.04859e+07
Hyper 800000 0.990738 0.548346 0.705961 802.479 0.84954 0.219331 0.413158 1.96986e+07
Coco 800000 0.995909 0.213688 0.351875 5695.26 3.7414 0.366501 0.0787815 1.09105e+06
USS 800000 0.999219 0.049532 0.0943852 57903.4 18.0437 0.0295144 0.00484516 384140
SPAO 800000 0.992531 0.542451 0.701506 762.686 0.91013 0.217057 0.413996 2.50299e+07
HSSO 800000 0.992532 0.541843 0.700997 764.464 0.895853 0.216231 0.398227 2.05457e+07
PLNO 800000 0.991614 0.538035 0.697575 885.435 0.843747 0.246556 0.405955 2.12417e+07
Hyper 800000 0.991363 0.549852 0.707368 820.543 0.87971 0.251372 0.433187 1.98902e+07
Coco 800000 0.995608 0.213624 0.35177 5677.11 3.64663 0.34832 0.0766292 1.07853e+06
USS 800000 0.998958 0.0495188 0.0943602 57705.4 18.3309 0.0312429 0.00515799 385156
SPAO 900000 0.990503 0.601159 0.748211 574.81 0.709112 0.173657 0.331713 2.53374e+07
HSSO 900000 0.990861 0.601463 0.748549 564.062 0.675754 0.168721 0.312442 2.17382e+07
PLNO 900000 0.990914 0.596257 0.744519 720.246 0.743721 0.239853 0.357006 2.18654e+07
Hyper 900000 0.992081 0.601276 0.748751 627.337 0.707575 0.20112 0.339181 2.08543e+07
Coco 900000 0.995753 0.24063 0.387595 4620.81 3.15025 0.372169 0.0827267 1.07302e+06
USS 900000 0.998843 0.0557023 0.10552 47604.2 17.4595 0.0296817 0.00532062 386461
SPAO 900000 0.993231 0.603227 0.750591 585.694 0.711448 0.179753 0.318199 2.53088e+07
HSSO 900000 0.99211 0.602439 0.749661 568.896 0.687708 0.164505 0.305934 2.15754e+07
PLNO 900000 0.992705 0.594836 0.743914 722.722 0.738775 0.239827 0.358675 2.22796e+07
Hyper 900000 0.991885 0.603336 0.750291 645.199 0.699245 0.17888 0.318725 2.04132e+07
Coco 900000 0.994979 0.240442 0.387293 4584.7 3.16268 0.355179 0.0852757 1.03784e+06
USS 900000 0.998843 0.0557023 0.10552 48017.9 17.3212 0.0295042 0.00533493 368371
SPAO 900000 0.990941 0.602277 0.749202 576.801 0.66796 0.154718 0.282927 2.44083e+07
HSSO 900000 0.991489 0.601765 0.748962 586.506 0.701949 0.182164 0.313794 2.07989e+07
PLNO 900000 0.991789 0.59563 0.744277 705.873 0.728002 0.223477 0.344206 2.09296e+07
Hyper 900000 0.991731 0.601647 0.74894 625.805 0.683987 0.196954 0.343443 1.95687e+07
Coco 900000 0.994845 0.24041 0.387241 4593.67 3.17039 0.363493 0.0830935 1.03815e+06
USS 900000 0.998148 0.0556636 0.105447 47308.7 16.2999 0.0305986 0.00549714 366873
SPAO 900000 0.991473 0.601666 0.748881 577.876 0.704318 0.165298 0.316543 2.38222e+07
HSSO 900000 0.992559 0.602029 0.749472 574.962 0.677388 0.169702 0.316793 2.06454e+07
PLNO 900000 0.992628 0.594746 0.743821 682.028 0.695595 0.220015 0.335576 2.07428e+07
Hyper 900000 0.992423 0.602045 0.749445 638.555 0.691208 0.211655 0.353892 1.96286e+07
Coco 900000 0.995299 0.240521 0.387419 4634.22 3.20412 0.362713 0.080682 1.08665e+06
USS 900000 0.998495 0.0556829 0.105483 47807 16.844 0.0288862 0.00526496 394073
SPAO 900000 0.992564 0.603157 0.750346 594.259 0.697631 0.166277 0.302217 2.51285e+07
HSSO 900000 0.991441 0.603362 0.750184 575.299 0.693876 0.164332 0.303034 2.18135e+07
PLNO 900000 0.991588 0.595337 0.743991 732.592 0.73687 0.234915 0.345586 2.19462e+07
Hyper 900000 0.991391 0.601184 0.748484 633.501 0.715495 0.206628 0.355542 2.04014e+07
Coco 900000 0.995059 0.240461 0.387324 4603.8 3.19743 0.342572 0.0827664 1.0741e+06
USS 900000 0.998032 0.0556575 0.105435 47593.3 16.5894 0.0293407 0.00553144 396548
SPAO 1000000 0.993871 0.648022 0.784522 454.228 0.555583 0.139176 0.258421 2.43974e+07
HSSO 1000000 0.993183 0.650735 0.786291 456.242 0.565334 0.143684 0.252487 2.1823e+07
PLNO 1000000 0.991326 0.643553 0.78045 520.44 0.580386 0.162478 0.287056 2.20115e+07
Hyper 1000000 0.992229 0.652345 0.787165 512.043 0.575403 0.152421 0.261661 2.102e+07
Coco 1000000 0.993975 0.267294 0.421295 3748.51 2.71261 0.370115 0.086368 1.30486e+06
USS 1000000 0.998437 0.0618668 0.116514 39861 15.5457 0.0312738 0.00598084 374192
SPAO 1000000 0.992703 0.648809 0.784733 459.311 0.54418 0.136996 0.258594 2.4096e+07
HSSO 1000000 0.993884 0.649278 0.785445 464.202 0.56281 0.146568 0.262669 2.10541e+07
PLNO 1000000 0.992388 0.643616 0.780825 529.345 0.624187 0.161116 0.288642 2.11513e+07
Hyper 1000000 0.993111 0.653728 0.788449 490.675 0.538877 0.155677 0.263055 2.04209e+07
Coco 1000000 0.994504 0.267435 0.421518 3764.78 2.73073 0.331292 0.081056 1.01285e+06
USS 1000000 0.998646 0.0618794 0.116538 40153.9 15.1058 0.0346716 0.00572446 369814
SPAO 1000000 0.993079 0.649205 0.78514 465.614 0.570103 0.141417 0.263587 2.49051e+07
HSSO 1000000 0.992241 0.647959 0.783967 462.074 0.576038 0.143765 0.261311 2.07287e+07
PLNO 1000000 0.994187 0.643547 0.781331 539.588 0.62047 0.178961 0.299917 2.22008e+07
Hyper 1000000 0.992294 0.652288 0.787144 499.227 0.562099 0.153714 0.263324 2.14399e+07
Coco 1000000 0.994095 0.267325 0.421345 3776.86 2.73935 0.334368 0.0828105 1.08901e+06
USS 1000000 0.998125 0.0618471 0.116477 39694.3 14.8346 0.0328589 0.0060686 394898
SPAO 1000000 0.993428 0.649156 0.785214 462.55 0.569886 0.144631 0.266156 2.52431e+07
HSSO 1000000 0.992162 0.64769 0.783746 460.558 0.582759 0.140341 0.248136 2.15219e+07
PLNO 1000000 0.992688 0.645219 0.782097 527.267 0.614064 0.168308 0.29097 2.18624e+07
Hyper 1000000 0.992359 0.652351 0.78721 499.761 0.57877 0.162736 0.282478 2.15712e+07
Coco 1000000 0.994312 0.267384 0.421438 3829.46 2.75526 0.336385 0.0847906 1.05755e+06
USS 1000000 0.998437 0.0618666 0.116514 39754.6 14.7491 0.0336156 0.00592063 389694
SPAO 1000000 0.991545 0.649054 0.78455 456.876 0.56443 0.13822 0.2513 2.52011e+07
HSSO 1000000 0.993211 0.649438 0.785352 470.029 0.562047 0.146663 0.259935 2.17693e+07
PLNO 1000000 0.991729 0.643574 0.780591 530.682 0.586221 0.172978 0.282254 2.21785e+07
Hyper 1000000 0.992809 0.651009 0.786373 497.688 0.588197 0.159869 0.282172 2.11202e+07
Coco 1000000 0.994455 0.267421 0.421496 3771.53 2.73807 0.355851 0.0827897 1.08992e+06
USS 1000000 0.998542 0.0618731 0.116526 40120.3 15.3367 0.0325185 0.00598109 363306
