SPAO 10000 1.93025e+09 0.565289 1.85785e+07
HSSO 10000 1.80131e+09 0.767022 1.87371e+07
PLNO 10000 1.77817e+09 0.731642 1.50475e+07
Hyper 10000 1.65105e+09 0.772536 1.10775e+07
Coco 10000 3.41141e+09 0.201093 1.54323e+06
USS 10000 8.8257e+09 0.641177 526545
SPAO 20000 8.94689e+08 0.300493 2.02009e+07
HSSO 20000 8.74335e+08 0.332291 1.91529e+07
PLNO 20000 8.16634e+08 0.357932 1.51145e+07
Hyper 20000 8.01438e+08 0.298692 1.21439e+07
Coco 20000 1.90974e+09 0.105271 1.67889e+06
USS 20000 5.51617e+09 0.388511 513914
SPAO 30000 5.89228e+08 0.216805 2.23449e+07
HSSO 30000 5.24591e+08 0.213381 2.2072e+07
PLNO 30000 4.53053e+08 0.266232 1.78737e+07
Hyper 30000 4.72844e+08 0.283219 1.46931e+07
Coco 30000 1.3463e+09 0.0683891 1.77676e+06
USS 30000 4.26146e+09 0.273382 499359
SPAO 40000 3.84465e+08 0.251007 2.32204e+07
HSSO 40000 4.27133e+08 0.200311 2.32616e+07
PLNO 40000 4.08203e+08 0.604039 1.99468e+07
Hyper 40000 3.16696e+08 0.188886 1.69215e+07
Coco 40000 9.15011e+08 0.0516065 1.80229e+06
USS 40000 3.44444e+09 0.207871 526050
SPAO 50000 2.81898e+08 0.142938 2.43188e+07
HSSO 50000 3.48258e+08 0.142368 2.36323e+07
PLNO 50000 3.29724e+08 0.146239 2.07827e+07
Hyper 50000 2.57033e+08 0.0980702 1.99635e+07
Coco 50000 6.03335e+08 0.0326822 1.84225e+06
USS 50000 2.80059e+09 0.164988 498901
SPAO 60000 2.18546e+08 0.0935139 2.54951e+07
HSSO 60000 2.54551e+08 0.0917535 2.64109e+07
PLNO 60000 2.56499e+08 0.0847556 2.24308e+07
Hyper 60000 1.48207e+08 0.0492261 2.10125e+07
Coco 60000 5.68288e+08 0.0290784 1.73994e+06
USS 60000 2.51508e+09 0.136622 525150
SPAO 70000 1.7317e+08 0.0712798 2.53234e+07
HSSO 70000 2.08199e+08 0.113707 2.59626e+07
PLNO 70000 1.28995e+08 0.25539 2.41143e+07
Hyper 70000 1.72782e+08 0.0609076 2.11453e+07
Coco 70000 6.36029e+08 0.027488 1.88784e+06
USS 70000 2.16948e+09 0.112993 561803
SPAO 80000 1.04532e+08 0.043778 2.72265e+07
HSSO 80000 1.03064e+08 0.0439384 2.7963e+07
PLNO 80000 3.51439e+08 0.0811767 2.12112e+07
Hyper 80000 1.85761e+08 0.115528 2.14968e+07
Coco 80000 3.67807e+08 0.019052 1.8971e+06
USS 80000 1.96062e+09 0.0978819 537821
SPAO 90000 1.06331e+08 0.0498426 2.65616e+07
HSSO 90000 9.91722e+07 0.0481283 2.68081e+07
PLNO 90000 9.63671e+07 0.0413049 2.38991e+07
Hyper 90000 1.04743e+08 0.0297813 2.08547e+07
Coco 90000 3.28484e+08 0.0179771 1.83608e+06
USS 90000 1.66436e+09 0.0855853 597733
SPAO 100000 7.32289e+07 0.016707 2.92067e+07
HSSO 100000 7.68906e+07 0.0182362 2.98505e+07
PLNO 100000 7.03767e+07 0.0220988 2.47818e+07
Hyper 100000 5.99517e+07 0.0209578 2.46929e+07
Coco 100000 2.80042e+08 0.0153144 1.95379e+06
USS 100000 1.5474e+09 0.0732659 598533
SPAO 200000 1.03903e+07 0.00300424 3.22293e+07
HSSO 200000 1.3219e+07 0.00939302 3.2707e+07
PLNO 200000 1.49375e+07 0.0071502 2.78319e+07
Hyper 200000 2.03638e+07 0.00348146 2.64649e+07
Coco 200000 1.35411e+08 0.00632708 2.17029e+06
USS 200000 5.71107e+08 0.0244412 662995
SPAO 300000 1.49536e+07 0.00591764 3.24244e+07
HSSO 300000 9.13434e+06 0.00234416 3.32335e+07
PLNO 300000 4.78922e+06 0.00114303 2.79263e+07
Hyper 300000 4.4045e+06 0.000834647 2.86928e+07
Coco 300000 4.55625e+07 0.00208109 2.3648e+06
USS 300000 3.06087e+08 0.0111513 723630
SPAO 400000 3.51791e+06 0.00208404 3.31515e+07
HSSO 400000 3.39153e+06 0.00187993 3.4528e+07
PLNO 400000 1.21465e+07 0.000710251 2.96888e+07
Hyper 400000 1.40359e+06 0.000162357 2.94874e+07
Coco 400000 3.00986e+07 0.00124361 2.45974e+06
USS 400000 1.7721e+08 0.00585648 781924
SPAO 500000 135826 9.38783e-05 3.38038e+07
HSSO 500000 83538.1 1.61406e-05 3.45127e+07
PLNO 500000 1.39232e+06 0.000661699 2.87488e+07
Hyper 500000 7.448e+06 0.000340115 2.98131e+07
Coco 500000 9.00129e+06 0.000473638 2.45379e+06
USS 500000 1.06226e+08 0.00326907 835998
SPAO 600000 840042 0.00020924 3.05778e+07
HSSO 600000 430007 0.000150334 3.1506e+07
PLNO 600000 759871 0.000131273 2.67335e+07
Hyper 600000 886303 9.13717e-05 2.70902e+07
Coco 600000 1.44331e+07 0.00062741 2.45828e+06
USS 600000 6.30763e+07 0.00187059 884674
SPAO 700000 185902 3.88659e-05 3.47009e+07
HSSO 700000 86495.5 2.26779e-05 3.50139e+07
PLNO 700000 2.08726e+06 0.000169447 2.97373e+07
Hyper 700000 243695 1.89325e-05 3.0301e+07
Coco 700000 1.85335e+07 0.000745568 2.48084e+06
USS 700000 3.25598e+07 0.00105724 904101
SPAO 800000 78513 1.26088e-05 3.47608e+07
HSSO 800000 37895.7 1.05257e-05 3.51055e+07
PLNO 800000 5.61647e+06 0.00021061 2.92987e+07
Hyper 800000 740579 2.90127e-05 3.03155e+07
Coco 800000 1.9036e+06 0.000416303 2.54148e+06
USS 800000 1.93022e+07 0.00062723 903287
SPAO 900000 2.40208e+06 3.41903e-05 3.4981e+07
HSSO 900000 905933 4.56987e-05 3.55677e+07
PLNO 900000 111243 5.67814e-05 2.98463e+07
Hyper 900000 316615 6.27446e-05 2.94803e+07
Coco 900000 5.22006e+06 0.000397219 2.53103e+06
USS 900000 1.20464e+07 0.000364944 954182
SPAO 1000000 2790.5 1.29886e-06 3.49447e+07
HSSO 1000000 2790.5 1.29886e-06 3.5329e+07
PLNO 1000000 48145 1.45452e-05 2.94357e+07
Hyper 1000000 247513 5.485e-05 3.0688e+07
Coco 1000000 1.61388e+06 0.000129296 2.50411e+06
USS 1000000 6.65385e+06 0.000216787 948132
