SPAO 10000 0.98838 0.471323 0.638275 3691.19 0.679426 1.67295e+07
HSSO 10000 0.991952 0.460413 0.628916 2608.79 0.837635 1.71431e+07
PLNO 10000 0.987661 0.479112 0.645226 4069.98 0.701223 1.43679e+07
Hyper 10000 0.989224 0.475778 0.642526 5504.59 0.938462 1.03413e+07
Coco 10000 0.997945 0.359139 0.528193 1402.12 0.624346 1.42338e+06
USS 10000 0.990556 0.225511 0.367383 2734.07 0.733491 484097
SPAO 20000 0.989588 0.549265 0.70643 2419.86 0.615285 1.74126e+07
HSSO 20000 0.988749 0.556917 0.71251 2794.52 0.563841 1.83578e+07
PLNO 20000 0.985953 0.552445 0.708119 3417.03 0.628875 1.47241e+07
Hyper 20000 0.98969 0.541416 0.69993 2895.98 0.479945 1.26534e+07
Coco 20000 0.991189 0.465889 0.633849 1080.36 0.541707 1.55662e+06
USS 20000 0.995616 0.316594 0.48042 1426.08 0.746573 486485
SPAO 30000 0.983817 0.611863 0.754489 2174.83 0.573798 2.12609e+07
HSSO 30000 0.98479 0.602271 0.747433 2241.83 0.459072 2.09613e+07
PLNO 30000 0.974058 0.616517 0.755103 2284.94 0.485602 1.73892e+07
Hyper 30000 0.986009 0.612438 0.75557 2565.42 0.50085 1.51703e+07
Coco 30000 0.991505 0.497064 0.662168 1059.84 0.533661 1.62659e+06
USS 30000 0.998427 0.351563 0.520019 983.312 0.679195 477411
SPAO 40000 0.983367 0.658876 0.789064 1449.37 0.379637 2.15859e+07
HSSO 40000 0.98553 0.637622 0.774291 1733.77 0.34597 2.19918e+07
PLNO 40000 0.982552 0.656616 0.787179 1988.4 0.403856 1.8281e+07
Hyper 40000 0.983349 0.660752 0.790401 1615.74 0.585757 1.7207e+07
Coco 40000 0.991132 0.54575 0.703906 1347.53 0.579107 1.69863e+06
USS 40000 0.996958 0.364468 0.533793 1211.26 0.632394 476116
SPAO 50000 0.984256 0.684198 0.807246 1668.28 0.31833 2.22306e+07
HSSO 50000 0.972485 0.695576 0.811046 1959.15 0.339148 2.29804e+07
PLNO 50000 0.979073 0.705089 0.819795 1741.17 0.372229 1.83836e+07
Hyper 50000 0.98263 0.697831 0.816097 1376.16 0.281421 1.79387e+07
Coco 50000 0.989118 0.575756 0.727842 1312.32 0.533159 1.58603e+06
USS 50000 0.990342 0.406931 0.576839 1418.58 0.646866 477841
SPAO 60000 0.969718 0.762898 0.853964 1230.38 0.30851 2.39997e+07
HSSO 60000 0.978751 0.72876 0.835456 1491.82 0.264446 2.44944e+07
PLNO 60000 0.979204 0.775597 0.865588 1341.83 0.404269 1.96416e+07
Hyper 60000 0.978543 0.739635 0.84248 1077.59 0.240024 1.87398e+07
Coco 60000 0.989065 0.594265 0.742443 1766.67 0.622702 1.69357e+06
USS 60000 0.996153 0.410285 0.581194 1313.88 0.606451 495389
SPAO 70000 0.977512 0.819301 0.891441 1067.04 0.39944 2.42276e+07
HSSO 70000 0.977706 0.794515 0.876642 1338.81 0.265801 2.42985e+07
PLNO 70000 0.979389 0.763203 0.857886 1168.97 0.305389 2.01766e+07
Hyper 70000 0.969338 0.818189 0.887373 1075.01 0.302551 1.8811e+07
Coco 70000 0.988025 0.606885 0.751914 1425.23 0.576606 1.68428e+06
USS 70000 0.994414 0.420872 0.59143 1402.28 0.636871 492469
SPAO 80000 0.969011 0.843464 0.90189 1188.55 0.278321 2.4872e+07
HSSO 80000 0.965059 0.831294 0.893196 926.853 0.206967 2.57076e+07
PLNO 80000 0.968762 0.813816 0.884555 834.941 0.222868 2.18622e+07
Hyper 80000 0.975568 0.825243 0.894131 711.419 0.237345 2.12919e+07
Coco 80000 0.987311 0.627618 0.767408 1281.57 0.719882 1.70028e+06
USS 80000 0.995872 0.426349 0.597079 1187.19 0.524259 513682
SPAO 90000 0.97769 0.835676 0.901122 684.365 0.220466 2.69164e+07
HSSO 90000 0.977142 0.847668 0.907812 768.674 0.223091 2.83609e+07
PLNO 90000 0.973194 0.852256 0.908719 932.208 0.399188 2.307e+07
Hyper 90000 0.976641 0.847442 0.907466 733.285 0.174024 2.20161e+07
Coco 90000 0.971415 0.708559 0.819423 4631.51 0.659255 1.85812e+06
USS 90000 0.991384 0.45988 0.628304 1186.58 0.722452 522302
SPAO 100000 0.977337 0.855375 0.912298 516.418 0.170388 2.74138e+07
HSSO 100000 0.975809 0.846548 0.906594 633.239 0.192556 2.9391e+07
PLNO 100000 0.976443 0.866336 0.9181 583.895 0.199347 2.29325e+07
Hyper 100000 0.975763 0.857015 0.912542 530.573 0.17641 2.16122e+07
Coco 100000 0.983993 0.708152 0.82359 2415.51 0.731779 1.75597e+06
USS 100000 0.995224 0.465289 0.634116 994.881 0.546462 516739
SPAO 200000 0.968925 0.946086 0.957369 244.779 0.0665821 2.97064e+07
HSSO 200000 0.969629 0.945699 0.957514 253.841 0.0665173 3.19874e+07
PLNO 200000 0.974577 0.93802 0.955949 198.141 0.0729771 2.592e+07
Hyper 200000 0.965204 0.948421 0.956739 180.97 0.06745 2.52587e+07
Coco 200000 0.977008 0.837954 0.902154 2072.24 1.01701 1.89689e+06
USS 200000 0.990893 0.534118 0.694098 921.806 0.397371 574088
SPAO 300000 0.969574 0.9625 0.966024 67.9183 0.0253003 3.15584e+07
HSSO 300000 0.969577 0.962659 0.966105 57.7768 0.0240525 3.31718e+07
PLNO 300000 0.964274 0.959988 0.962126 166.869 0.040894 2.70579e+07
Hyper 300000 0.969609 0.961468 0.965521 83.4934 0.0384225 2.64354e+07
Coco 300000 0.973376 0.889428 0.92951 1010.48 0.41528 2.06115e+06
USS 300000 0.988285 0.593817 0.741874 920.416 0.363998 633055
SPAO 400000 0.969903 0.967305 0.968603 41.7544 0.00819406 3.24771e+07
HSSO 400000 0.969897 0.967494 0.968694 63.8946 0.0132171 3.39586e+07
PLNO 400000 0.968851 0.962212 0.96552 62.4099 0.0343118 2.82481e+07
Hyper 400000 0.968711 0.965593 0.967149 44.1597 0.0160668 2.77156e+07
Coco 400000 0.96865 0.930927 0.949414 519.969 0.252661 2.11481e+06
USS 400000 0.9874 0.63396 0.772157 593.487 0.300523 692784
SPAO 500000 0.969511 0.967451 0.96848 10.7373 0.0105397 3.21894e+07
HSSO 500000 0.969516 0.967206 0.968359 9.48423 0.00718089 3.40223e+07
PLNO 500000 0.969286 0.966354 0.967818 50.1833 0.00895399 2.82015e+07
Hyper 500000 0.969534 0.967171 0.968351 29.3851 0.00953984 2.76394e+07
Coco 500000 0.973469 0.94565 0.959358 313.38 0.16236 2.15291e+06
USS 500000 0.984288 0.665767 0.794285 545.009 0.29271 733086
SPAO 600000 0.968385 0.967491 0.967938 4.76864 0.00419025 3.2488e+07
HSSO 600000 0.969285 0.967491 0.968387 12.0684 0.0261488 3.39303e+07
PLNO 600000 0.969414 0.96686 0.968135 41.201 0.00692908 2.74852e+07
Hyper 600000 0.965836 0.967599 0.966717 40.628 0.00892093 2.6853e+07
Coco 600000 0.963712 0.955087 0.95938 399.168 0.159615 2.1866e+06
USS 600000 0.984038 0.702546 0.819801 459.178 0.213868 789409
SPAO 700000 0.969712 0.968786 0.969248 3.17492 0.00239123 3.28242e+07
HSSO 700000 0.969712 0.968786 0.969248 2.4505 0.00235118 3.51895e+07
PLNO 700000 0.969557 0.968266 0.968911 43.9379 0.00649532 2.80463e+07
Hyper 700000 0.969356 0.967355 0.968354 3.40843 0.00159025 2.84116e+07
Coco 700000 0.968972 0.959514 0.96422 873.798 0.107445 2.11673e+06
USS 700000 0.983292 0.745339 0.847937 556.01 0.215301 816324
SPAO 800000 0.969383 0.969293 0.969338 2.43953 0.00112827 3.24515e+07
HSSO 800000 0.969383 0.969293 0.969338 3.37532 0.00127976 3.52173e+07
PLNO 800000 0.969468 0.968627 0.969047 7.0156 0.00512725 2.88076e+07
Hyper 800000 0.969526 0.967995 0.96876 2.03729 0.00242412 2.85954e+07
Coco 800000 0.964535 0.959714 0.962118 137.334 0.0689584 2.20708e+06
USS 800000 0.982353 0.776241 0.867219 449.398 0.191511 812933
SPAO 900000 0.968321 0.968918 0.96862 0.252215 0.00245461 3.35357e+07
HSSO 900000 0.969383 0.968918 0.969151 1.07919 0.00956287 3.54878e+07
PLNO 900000 0.969332 0.96873 0.969031 4.42731 0.00246002 2.91075e+07
Hyper 900000 0.969522 0.968015 0.968768 0.617874 0.00078219 2.86176e+07
Coco 900000 0.969099 0.963562 0.966322 231.088 0.0449045 2.31872e+06
USS 900000 0.980342 0.772177 0.863897 340.813 0.136781 831133
SPAO 1000000 0.969376 0.969376 0.969376 2.79464 0.00113671 3.35631e+07
HSSO 1000000 0.969367 0.969224 0.969296 2.5653 0.000773649 3.58493e+07
PLNO 1000000 0.969346 0.969376 0.969361 30.9985 0.00123159 2.89566e+07
Hyper 1000000 0.969372 0.969312 0.969342 3.49525 0.000856555 2.80809e+07
Coco 1000000 0.969729 0.96494 0.967329 135.315 0.0580575 2.28326e+06
USS 1000000 0.979484 0.800443 0.880958 279.133 0.124885 851287
