SPAO 10000 0.970775 0.557711 0.708429 37.7109 0.419469 2.19406e+07
HSSO 10000 0.97879 0.561066 0.713269 35.414 0.728913 2.25782e+07
PLNO 10000 0.970481 0.574206 0.721513 35.3214 0.461131 1.69683e+07
Hyper 10000 0.971129 0.578482 0.72506 39.1724 0.829713 1.69451e+07
Coco 10000 0.97074 0.500376 0.660363 41.9036 0.565289 3.57718e+06
USS 10000 0.986163 0.365217 0.53303 51.7945 0.631072 1.35477e+06
SPAO 20000 0.961411 0.651553 0.776719 20.9078 0.252954 2.31802e+07
HSSO 20000 0.959186 0.696863 0.807248 27.3051 0.327996 2.4541e+07
PLNO 20000 0.959015 0.697749 0.807781 18.4035 0.292147 2.14549e+07
Hyper 20000 0.95487 0.703438 0.810093 21.7258 0.345713 2.00576e+07
Coco 20000 0.967506 0.607684 0.746497 41.0848 0.687686 3.73531e+06
USS 20000 0.989316 0.387741 0.557128 39.4484 21.2867 1.40889e+06
SPAO 30000 0.95142 0.7685 0.850233 14.8865 0.25863 2.68169e+07
HSSO 30000 0.948858 0.78064 0.856568 24.1777 0.325133 2.81251e+07
PLNO 30000 0.94561 0.752428 0.83803 17.6929 0.239602 2.37866e+07
Hyper 30000 0.944314 0.797682 0.864827 16.3635 0.250999 2.25435e+07
Coco 30000 0.957724 0.683374 0.797617 40.0494 0.727359 4.55736e+06
USS 30000 0.973025 0.459658 0.624366 38.8447 0.548191 1.3495e+06
SPAO 40000 0.941414 0.820754 0.876953 11.7112 0.188582 2.8634e+07
HSSO 40000 0.943968 0.82521 0.880603 9.08658 0.158611 3.00056e+07
PLNO 40000 0.943721 0.82054 0.87783 12.5822 0.287225 2.54602e+07
Hyper 40000 0.94101 0.856941 0.89701 9.41103 0.171909 2.53412e+07
Coco 40000 0.959002 0.706003 0.813281 46.1917 0.515414 4.99256e+06
USS 40000 0.981043 0.476063 0.641049 35.0884 0.472972 1.34133e+06
SPAO 50000 0.941027 0.854524 0.895692 6.05695 0.139393 3.03089e+07
HSSO 50000 0.939373 0.862645 0.899376 10.695 0.270892 3.22343e+07
PLNO 50000 0.93915 0.853511 0.894285 9.05816 0.152022 2.68819e+07
Hyper 50000 0.938096 0.886114 0.911364 6.7402 0.211394 2.68399e+07
Coco 50000 0.951235 0.768383 0.850087 32.0451 0.561922 5.01444e+06
USS 50000 0.98135 0.497544 0.660311 32.6229 1.19092 1.46069e+06
SPAO 60000 0.938463 0.887623 0.912335 10.8942 0.184257 2.68211e+07
HSSO 60000 0.937655 0.884433 0.910266 4.93729 0.107118 2.8347e+07
PLNO 60000 0.937605 0.881823 0.908859 9.14685 0.1307 2.4008e+07
Hyper 60000 0.936711 0.894241 0.914983 4.26933 0.0888189 2.13334e+07
Coco 60000 0.945893 0.807826 0.871424 50.7553 0.808994 4.74502e+06
USS 60000 0.981411 0.505344 0.667157 29.4588 0.430141 1.62838e+06
SPAO 70000 0.929702 0.904458 0.916906 4.73526 0.0982486 3.05766e+07
HSSO 70000 0.934631 0.902093 0.918074 3.53574 0.0947442 3.42016e+07
PLNO 70000 0.939319 0.893303 0.915733 7.13065 0.10279 2.59023e+07
Hyper 70000 0.932917 0.901445 0.916911 3.98871 0.0966596 2.59334e+07
Coco 70000 0.94325 0.808278 0.870563 36.2145 0.512548 4.28614e+06
USS 70000 0.973473 0.527135 0.683925 26.7206 0.540133 1.52508e+06
SPAO 80000 0.929688 0.910228 0.919855 3.24781 0.0882749 3.22993e+07
HSSO 80000 0.928935 0.909711 0.919222 2.72281 0.0593928 3.43772e+07
PLNO 80000 0.936928 0.903129 0.919718 3.54242 0.0935639 2.97809e+07
Hyper 80000 0.929071 0.911487 0.920195 4.02206 0.0528421 2.84147e+07
Coco 80000 0.946809 0.836282 0.88812 24.9111 0.444795 5.14293e+06
USS 80000 0.970902 0.553189 0.704804 23.4381 0.376694 1.42516e+06
SPAO 90000 0.938292 0.911654 0.924782 3.285 0.0697718 3.2881e+07
HSSO 90000 0.937783 0.910935 0.924164 2.15027 0.0583759 3.53718e+07
PLNO 90000 0.934211 0.907981 0.920909 3.31601 0.0633269 2.93603e+07
Hyper 90000 0.932744 0.917572 0.925096 2.17222 0.0478551 2.94669e+07
Coco 90000 0.941877 0.863108 0.900774 27.3409 0.443188 5.49465e+06
USS 90000 0.968654 0.575543 0.722061 24.4122 0.524219 1.63933e+06
SPAO 100000 0.930781 0.910184 0.920367 1.27877 0.0387056 3.36863e+07
HSSO 100000 0.933146 0.919195 0.926118 2.19783 0.0519114 3.6315e+07
PLNO 100000 0.931155 0.917943 0.924502 2.32893 0.0629166 2.88823e+07
Hyper 100000 0.935197 0.91847 0.926758 2.07401 0.0378091 2.85326e+07
Coco 100000 0.937655 0.875383 0.90545 19.7953 0.337183 5.40004e+06
USS 100000 0.963165 0.580189 0.72416 19.3924 0.352205 1.66648e+06
SPAO 200000 0.931784 0.930325 0.931054 0.165901 0.00663886 3.48551e+07
HSSO 200000 0.930847 0.930987 0.930917 0.217618 0.00590552 3.84234e+07
PLNO 200000 0.931932 0.929105 0.930517 0.527484 0.0116891 2.98056e+07
Hyper 200000 0.931683 0.930573 0.931128 0.563719 0.0120492 3.07567e+07
Coco 200000 0.928315 0.91885 0.923558 6.44695 0.119144 5.5398e+06
USS 200000 0.959427 0.668382 0.787886 11.363 0.199544 2.09834e+06
SPAO 300000 0.931549 0.931444 0.931497 0.0791227 0.00298218 3.5649e+07
HSSO 300000 0.931533 0.931427 0.93148 0.076735 0.00186459 3.96376e+07
PLNO 300000 0.931741 0.930741 0.931241 0.849634 0.00863368 3.10228e+07
Hyper 300000 0.932087 0.93022 0.931153 0.237922 0.00521594 3.09544e+07
Coco 300000 0.929444 0.927589 0.928515 4.62156 0.0572735 5.84842e+06
USS 300000 0.950197 0.740961 0.832635 9.28317 0.12963 2.2044e+06
SPAO 400000 0.93167 0.93167 0.93167 0 0 3.58827e+07
HSSO 400000 0.93167 0.93167 0.93167 0 0 4.02531e+07
PLNO 400000 0.93184 0.931125 0.931482 0.123923 0.00214844 3.03378e+07
Hyper 400000 0.931393 0.931082 0.931238 0.189094 0.00647615 2.95199e+07
Coco 400000 0.930948 0.931119 0.931034 1.11082 0.053166 6.16275e+06
USS 400000 0.941545 0.834255 0.884659 4.99303 0.0859435 2.18284e+06
SPAO 500000 0.931648 0.931493 0.931571 0.0593833 0.0020304 3.60417e+07
HSSO 500000 0.931694 0.93154 0.931617 0.0383161 0.000987894 4.06098e+07
PLNO 500000 0.931638 0.931486 0.931562 0.094377 0.00218494 3.2459e+07
Hyper 500000 0.931679 0.931653 0.931666 0.0142641 0.000360568 3.11314e+07
Coco 500000 0.932197 0.929251 0.930722 0.73545 0.0138943 6.0444e+06
USS 500000 0.925271 0.903446 0.914228 4.33222 0.0653757 2.23563e+06
SPAO 600000 0.93167 0.93167 0.93167 0 0 3.62838e+07
HSSO 600000 0.93167 0.93167 0.93167 0 0 4.07452e+07
PLNO 600000 0.9317 0.931381 0.93154 0.0332257 0.0012655 3.13111e+07
Hyper 600000 0.93167 0.93167 0.93167 0.00798172 0.000282476 3.304e+07
Coco 600000 0.931864 0.930648 0.931255 0.543498 0.0114505 6.22349e+06
USS 600000 0.919561 0.927985 0.923754 1.7049 0.0259845 2.22431e+06
SPAO 700000 0.93167 0.93167 0.93167 0 0 3.60592e+07
HSSO 700000 0.93167 0.93167 0.93167 0 0 4.08504e+07
PLNO 700000 0.93167 0.93167 0.93167 0.0240293 0.000740926 3.11303e+07
Hyper 700000 0.931679 0.931653 0.931666 0.0159734 0.000265985 3.05819e+07
Coco 700000 0.930078 0.931506 0.930792 0.16386 0.00350268 6.0978e+06
USS 700000 0.93167 0.93167 0.93167 0.0740885 0.000949327 2.1476e+06
SPAO 800000 0.93167 0.93167 0.93167 0 0 3.62233e+07
HSSO 800000 0.93167 0.93167 0.93167 0 0 4.09188e+07
PLNO 800000 0.931694 0.93154 0.931617 0.0536617 0.00204138 3.13109e+07
Hyper 800000 0.931864 0.931431 0.931647 0.00739976 0.000100326 3.04497e+07
Coco 800000 0.931541 0.931413 0.931477 0.428076 0.00475318 6.47174e+06
USS 800000 0.93167 0.93167 0.93167 0 0 2.17942e+06
SPAO 900000 0.93167 0.93167 0.93167 0 0 3.64008e+07
HSSO 900000 0.93167 0.93167 0.93167 0 0 4.06244e+07
PLNO 900000 0.93167 0.93167 0.93167 0.0136557 0.000325338 3.15413e+07
Hyper 900000 0.93167 0.93167 0.93167 0 0 3.17331e+07
Coco 900000 0.931539 0.931485 0.931512 0.244868 0.00292223 6.39709e+06
USS 900000 0.93167 0.93167 0.93167 0 0 2.23298e+06
SPAO 1000000 0.931679 0.931653 0.931666 0.0119384 0.000450595 3.46152e+07
HSSO 1000000 0.931671 0.931645 0.931658 0.0158815 0.000320903 4.10505e+07
PLNO 1000000 0.93167 0.93167 0.93167 0 0 3.16804e+07
Hyper 1000000 0.93167 0.93167 0.93167 0 0 3.14659e+07
Coco 1000000 0.931637 0.931511 0.931574 0.150959 0.00311574 6.42824e+06
USS 1000000 0.93167 0.93167 0.93167 0 0 2.2965e+06
