SPAO 10000 5.36094e+06 0.189584 1.83362e+07
HSSO 10000 6.07935e+06 0.232127 1.6505e+07
PLNO 10000 5.69783e+06 0.204892 1.71133e+07
Hyper 10000 5.43301e+06 0.193124 1.14748e+07
Coco 10000 1.08715e+07 0.351387 900750
USS 10000 3.54899e+07 1.04162 317441
SPAO 10000 4.80289e+06 0.170814 1.86096e+07
HSSO 10000 5.15186e+06 0.192958 1.6824e+07
PLNO 10000 5.47686e+06 0.236514 1.72466e+07
Hyper 10000 4.45659e+06 0.15953 1.2256e+07
Coco 10000 9.70733e+06 0.322905 899440
USS 10000 3.57728e+07 1.06866 321137
SPAO 10000 5.05742e+06 0.187536 1.85835e+07
HSSO 10000 5.24509e+06 0.180145 1.66552e+07
PLNO 10000 4.41842e+06 0.157909 1.75873e+07
Hyper 10000 4.92129e+06 0.188615 1.20405e+07
Coco 10000 9.88404e+06 0.317268 898888
USS 10000 3.60699e+07 1.0894 315224
SPAO 10000 6.00172e+06 0.243508 1.83289e+07
HSSO 10000 5.29408e+06 0.204525 1.67894e+07
PLNO 10000 5.51323e+06 0.207629 1.65604e+07
Hyper 10000 4.5782e+06 0.177307 1.23983e+07
Coco 10000 9.8388e+06 0.319539 901209
USS 10000 3.53879e+07 1.0631 317781
SPAO 10000 5.66878e+06 0.208466 1.85404e+07
HSSO 10000 5.45242e+06 0.198679 1.66287e+07
PLNO 10000 5.69393e+06 0.212693 1.72998e+07
Hyper 10000 4.95989e+06 0.186354 1.17956e+07
Coco 10000 1.00005e+07 0.342773 904931
USS 10000 3.53964e+07 1.0526 314329
SPAO 20000 2.56415e+06 0.103515 1.96935e+07
HSSO 20000 2.64483e+06 0.103496 1.81336e+07
PLNO 20000 2.33343e+06 0.0863488 1.79646e+07
Hyper 20000 2.50956e+06 0.0976223 1.50267e+07
Coco 20000 4.88693e+06 0.164363 947661
USS 20000 1.83131e+07 0.61737 303875
SPAO 20000 2.55963e+06 0.0987142 1.93785e+07
HSSO 20000 2.64766e+06 0.101639 1.79842e+07
PLNO 20000 2.60161e+06 0.103838 1.7845e+07
Hyper 20000 2.41204e+06 0.0893507 1.5283e+07
Coco 20000 4.92878e+06 0.158059 947020
USS 20000 1.85371e+07 0.623519 306589
SPAO 20000 2.4763e+06 0.0943956 1.94876e+07
HSSO 20000 2.80885e+06 0.106128 1.79562e+07
PLNO 20000 2.55581e+06 0.103601 1.79625e+07
Hyper 20000 2.42374e+06 0.0932538 1.35694e+07
Coco 20000 4.85935e+06 0.162715 954652
USS 20000 1.95748e+07 0.63314 307021
SPAO 20000 2.64627e+06 0.0983642 1.93797e+07
HSSO 20000 2.52244e+06 0.100989 1.79379e+07
PLNO 20000 2.5871e+06 0.0994457 1.64346e+07
Hyper 20000 2.42539e+06 0.0926096 1.40422e+07
Coco 20000 5.27154e+06 0.170222 966988
USS 20000 1.77154e+07 0.597528 308167
SPAO 20000 2.43017e+06 0.0890447 1.92051e+07
HSSO 20000 2.75886e+06 0.106945 1.71166e+07
PLNO 20000 2.48653e+06 0.0943509 1.66478e+07
Hyper 20000 2.31175e+06 0.0919774 1.35807e+07
Coco 20000 5.15903e+06 0.16682 938311
USS 20000 1.84984e+07 0.624191 303070
SPAO 30000 1.80976e+06 0.0681113 1.8685e+07
HSSO 30000 1.84122e+06 0.0700038 1.74047e+07
PLNO 30000 1.62875e+06 0.0620083 1.81679e+07
Hyper 30000 1.65062e+06 0.0598616 1.46087e+07
Coco 30000 3.16515e+06 0.10643 962959
USS 30000 1.32506e+07 0.423896 306667
SPAO 30000 1.7833e+06 0.0703839 1.88944e+07
HSSO 30000 1.82166e+06 0.0688842 1.72566e+07
PLNO 30000 1.4565e+06 0.0602656 1.93892e+07
Hyper 30000 1.94966e+06 0.0738065 1.43566e+07
Coco 30000 3.06912e+06 0.107438 960976
USS 30000 1.27268e+07 0.419881 304151
SPAO 30000 1.78177e+06 0.0670744 1.90587e+07
HSSO 30000 1.93591e+06 0.0710071 1.85651e+07
PLNO 30000 1.64052e+06 0.0632494 1.91491e+07
Hyper 30000 1.55762e+06 0.0602259 1.47174e+07
Coco 30000 3.4947e+06 0.116339 960012
USS 30000 1.25767e+07 0.414992 305146
SPAO 30000 1.80866e+06 0.0719884 2.01949e+07
HSSO 30000 1.99406e+06 0.0804616 1.83644e+07
PLNO 30000 1.53763e+06 0.0588917 1.92526e+07
Hyper 30000 1.60556e+06 0.062019 1.46502e+07
Coco 30000 3.26776e+06 0.110098 960277
USS 30000 1.23667e+07 0.416787 308411
SPAO 30000 1.68232e+06 0.0647532 2.0349e+07
HSSO 30000 1.69875e+06 0.0627169 1.84196e+07
PLNO 30000 1.58045e+06 0.0596845 1.96538e+07
Hyper 30000 1.85494e+06 0.0689759 1.43788e+07
Coco 30000 3.11053e+06 0.108951 960957
USS 30000 1.24451e+07 0.418528 308616
SPAO 40000 1.64095e+06 0.0633475 2.01331e+07
HSSO 40000 1.48489e+06 0.0558791 1.84391e+07
PLNO 40000 1.37414e+06 0.0507479 1.88698e+07
Hyper 40000 1.21545e+06 0.0461857 1.62318e+07
Coco 40000 2.5389e+06 0.0874032 1.01851e+06
USS 40000 9.59812e+06 0.319894 323367
SPAO 40000 1.45537e+06 0.0569064 1.98473e+07
HSSO 40000 1.60138e+06 0.0632619 1.85972e+07
PLNO 40000 1.24838e+06 0.0497513 1.94014e+07
Hyper 40000 1.26457e+06 0.0486768 1.61118e+07
Coco 40000 2.38971e+06 0.0814259 1.02842e+06
USS 40000 9.23318e+06 0.315879 323161
SPAO 40000 1.48472e+06 0.0534484 1.85797e+07
HSSO 40000 1.54857e+06 0.0582391 1.82646e+07
PLNO 40000 1.42315e+06 0.0554129 1.91651e+07
Hyper 40000 1.28413e+06 0.0486486 1.61165e+07
Coco 40000 2.30968e+06 0.0790854 1.02338e+06
USS 40000 9.56216e+06 0.32357 326417
SPAO 40000 1.49638e+06 0.0600318 1.85563e+07
HSSO 40000 1.46013e+06 0.0591225 1.70252e+07
PLNO 40000 1.18799e+06 0.0458437 1.81298e+07
Hyper 40000 1.09649e+06 0.0408663 1.63578e+07
Coco 40000 2.25736e+06 0.0774398 1.02789e+06
USS 40000 9.46148e+06 0.32099 323608
SPAO 40000 1.50244e+06 0.055837 1.97752e+07
HSSO 40000 1.54156e+06 0.0672526 1.71759e+07
PLNO 40000 1.23729e+06 0.0490489 1.77345e+07
Hyper 40000 1.06281e+06 0.0405856 1.51882e+07
Coco 40000 2.38263e+06 0.0821974 1.02415e+06
USS 40000 9.60877e+06 0.313154 326747
SPAO 50000 1.08065e+06 0.0430292 2.07984e+07
HSSO 50000 1.09016e+06 0.0408427 1.98391e+07
PLNO 50000 1.0196e+06 0.0417717 1.80185e+07
Hyper 50000 965813 0.0375587 1.59349e+07
Coco 50000 2.74394e+06 0.0854175 1.00617e+06
USS 50000 7.61137e+06 0.261054 320244
SPAO 50000 1.03907e+06 0.0429383 2.15149e+07
HSSO 50000 1.07775e+06 0.0413481 1.98552e+07
PLNO 50000 1.10941e+06 0.0440955 1.96619e+07
Hyper 50000 1.18186e+06 0.0426795 1.57081e+07
Coco 50000 2.98546e+06 0.0945077 993660
USS 50000 7.59945e+06 0.258411 321792
SPAO 50000 1.10852e+06 0.0423085 2.13758e+07
HSSO 50000 1.04796e+06 0.0400134 1.9365e+07
PLNO 50000 913849 0.0356951 2.00228e+07
Hyper 50000 1.04337e+06 0.0408899 1.68698e+07
Coco 50000 2.42299e+06 0.0794048 986000
USS 50000 7.71354e+06 0.257917 319712
SPAO 50000 1.08261e+06 0.0414392 2.1411e+07
HSSO 50000 1.01911e+06 0.0383345 1.94793e+07
PLNO 50000 943277 0.0372706 2.01522e+07
Hyper 50000 1.14228e+06 0.0411525 1.71191e+07
Coco 50000 2.38908e+06 0.0811724 979874
USS 50000 7.90542e+06 0.264605 322096
SPAO 50000 1.09907e+06 0.0462169 2.15675e+07
HSSO 50000 1.02385e+06 0.0402153 2.00304e+07
PLNO 50000 1.05194e+06 0.0392618 1.9749e+07
Hyper 50000 1.05807e+06 0.0402253 1.7066e+07
Coco 50000 2.4671e+06 0.0798338 984620
USS 50000 7.68943e+06 0.259258 320798
SPAO 60000 797484 0.0313165 2.15264e+07
HSSO 60000 866099 0.0342119 1.9888e+07
PLNO 60000 699684 0.0271191 2.06859e+07
Hyper 60000 806184 0.0301338 1.67859e+07
Coco 60000 1.56776e+06 0.0532669 1.01999e+06
USS 60000 6.43468e+06 0.215677 323645
SPAO 60000 900296 0.0345692 2.16107e+07
HSSO 60000 993954 0.0390148 2.00744e+07
PLNO 60000 800190 0.030042 2.07058e+07
Hyper 60000 752860 0.0288005 1.67183e+07
Coco 60000 1.53357e+06 0.0532456 1.01925e+06
USS 60000 6.52545e+06 0.220567 329748
SPAO 60000 908249 0.0360235 2.138e+07
HSSO 60000 973718 0.0371939 1.98816e+07
PLNO 60000 817481 0.0309191 2.04384e+07
Hyper 60000 845508 0.0329428 1.68652e+07
Coco 60000 1.54978e+06 0.0546409 1.02694e+06
USS 60000 6.56127e+06 0.219132 327326
SPAO 60000 846255 0.0329204 2.15997e+07
HSSO 60000 933076 0.035856 1.98083e+07
PLNO 60000 780348 0.0308134 2.02715e+07
Hyper 60000 757902 0.0297738 1.70665e+07
Coco 60000 1.55791e+06 0.0527747 1.04391e+06
USS 60000 6.41575e+06 0.216345 323131
SPAO 60000 865143 0.0354562 2.15816e+07
HSSO 60000 882940 0.0365972 2.01552e+07
PLNO 60000 877481 0.0333222 2.02375e+07
Hyper 60000 785772 0.0302845 1.6742e+07
Coco 60000 1.5401e+06 0.0520442 1.05466e+06
USS 60000 6.32379e+06 0.217118 324126
SPAO 70000 771337 0.0292868 2.1624e+07
HSSO 70000 746816 0.0292993 2.00502e+07
PLNO 70000 615670 0.0242041 2.08863e+07
Hyper 70000 649837 0.0246344 1.77458e+07
Coco 70000 1.35576e+06 0.0462157 996988
USS 70000 5.4734e+06 0.187461 293744
SPAO 70000 763840 0.0289387 1.91887e+07
HSSO 70000 670139 0.0268834 1.69202e+07
PLNO 70000 639029 0.025066 1.80979e+07
Hyper 70000 612307 0.0235377 1.49702e+07
Coco 70000 1.31377e+06 0.0462556 846927
USS 70000 5.43857e+06 0.184753 286183
SPAO 70000 764634 0.0297415 1.90404e+07
HSSO 70000 669910 0.0258438 1.71153e+07
PLNO 70000 683528 0.0272218 1.78964e+07
Hyper 70000 622858 0.0249487 1.50444e+07
Coco 70000 1.30329e+06 0.0452962 841068
USS 70000 5.33683e+06 0.185596 285513
SPAO 70000 738105 0.0275691 1.90395e+07
HSSO 70000 715793 0.0268415 1.71184e+07
PLNO 70000 631782 0.024508 1.77586e+07
Hyper 70000 811609 0.0309636 1.45027e+07
Coco 70000 1.38641e+06 0.0478466 844476
USS 70000 5.4804e+06 0.185972 286392
SPAO 70000 751774 0.0287184 1.8703e+07
HSSO 70000 759221 0.0293327 1.67144e+07
PLNO 70000 624054 0.0240501 1.73222e+07
Hyper 70000 645451 0.0247293 1.445e+07
Coco 70000 1.4275e+06 0.0491277 831879
USS 70000 5.43691e+06 0.184534 287275
SPAO 80000 684396 0.0261129 1.92137e+07
HSSO 80000 660724 0.025306 1.73844e+07
PLNO 80000 642093 0.0262195 1.76934e+07
Hyper 80000 559767 0.0219268 1.54011e+07
Coco 80000 1.21538e+06 0.0411747 910297
USS 80000 4.89469e+06 0.164407 284666
SPAO 80000 723499 0.0287004 1.93529e+07
HSSO 80000 654019 0.0253964 1.71489e+07
PLNO 80000 833690 0.0316366 1.75569e+07
Hyper 80000 571073 0.0223065 1.55158e+07
Coco 80000 1.26154e+06 0.0431592 903975
USS 80000 4.69594e+06 0.162132 287502
SPAO 80000 626189 0.0231148 1.90628e+07
HSSO 80000 733763 0.0278796 1.68633e+07
PLNO 80000 643017 0.0239829 1.76454e+07
Hyper 80000 569053 0.0225864 1.54337e+07
Coco 80000 1.22592e+06 0.0418346 903762
USS 80000 4.81921e+06 0.165298 281422
SPAO 80000 670348 0.0263338 1.868e+07
HSSO 80000 678333 0.0250076 1.56676e+07
PLNO 80000 675889 0.0257398 1.72204e+07
Hyper 80000 566575 0.0217763 1.51132e+07
Coco 80000 1.31305e+06 0.0435896 892832
USS 80000 4.69775e+06 0.161674 285353
SPAO 80000 628148 0.0249736 1.98683e+07
HSSO 80000 733188 0.0275318 1.81811e+07
PLNO 80000 715829 0.0268127 1.78244e+07
Hyper 80000 604189 0.0238692 1.54433e+07
Coco 80000 1.2881e+06 0.0445333 916882
USS 80000 4.80484e+06 0.161712 289511
SPAO 90000 594094 0.0229741 2.04981e+07
HSSO 90000 549781 0.020558 1.85716e+07
PLNO 90000 486582 0.0184931 1.88851e+07
Hyper 90000 554992 0.0220091 1.50458e+07
Coco 90000 1.06511e+06 0.0359866 923292
USS 90000 4.19545e+06 0.143167 298437
SPAO 90000 554017 0.0210341 1.9667e+07
HSSO 90000 554669 0.0226333 1.82285e+07
PLNO 90000 572945 0.0225829 1.96131e+07
Hyper 90000 543756 0.0202471 1.66435e+07
Coco 90000 1.06774e+06 0.0365705 930260
USS 90000 4.26661e+06 0.144229 292888
SPAO 90000 579617 0.022055 2.07232e+07
HSSO 90000 608145 0.023414 1.81513e+07
PLNO 90000 547797 0.020637 1.83558e+07
Hyper 90000 537475 0.0208675 1.54032e+07
Coco 90000 1.05146e+06 0.0368239 911883
USS 90000 4.33926e+06 0.146371 317247
SPAO 90000 586814 0.0230461 2.15604e+07
HSSO 90000 554427 0.0222876 1.95264e+07
PLNO 90000 535327 0.0209897 1.97261e+07
Hyper 90000 527269 0.0200813 1.64188e+07
Coco 90000 1.19215e+06 0.0388525 947363
USS 90000 4.32803e+06 0.147312 314363
SPAO 90000 578547 0.0229498 2.16796e+07
HSSO 90000 526038 0.0203059 2.00423e+07
PLNO 90000 492161 0.0193748 2.03232e+07
Hyper 90000 598756 0.0226601 1.7039e+07
Coco 90000 1.26223e+06 0.0385476 985308
USS 90000 4.36613e+06 0.145904 301162
SPAO 100000 492121 0.0191929 2.02243e+07
HSSO 100000 518250 0.0195202 1.90849e+07
PLNO 100000 443720 0.0170238 1.99302e+07
Hyper 100000 433773 0.0175588 1.65118e+07
Coco 100000 1.08883e+06 0.0388676 919596
USS 100000 3.75461e+06 0.12939 317294
SPAO 100000 534544 0.0198802 2.14852e+07
HSSO 100000 483279 0.0184788 1.95714e+07
PLNO 100000 484278 0.0186349 1.96149e+07
Hyper 100000 452879 0.0176665 1.67876e+07
Coco 100000 1.00607e+06 0.0349107 969341
USS 100000 3.74819e+06 0.130334 332084
SPAO 100000 521465 0.0202951 2.22011e+07
HSSO 100000 530734 0.0211836 2.07327e+07
PLNO 100000 451633 0.0179903 2.06272e+07
Hyper 100000 491556 0.0192097 1.76686e+07
Coco 100000 1.06348e+06 0.0353837 1.00385e+06
USS 100000 3.78029e+06 0.12989 331889
SPAO 100000 536091 0.0197885 2.2291e+07
HSSO 100000 504364 0.0196096 2.06382e+07
PLNO 100000 455050 0.0181906 2.04249e+07
Hyper 100000 524706 0.0208231 1.78009e+07
Coco 100000 1.05828e+06 0.0357241 1.00735e+06
USS 100000 3.86553e+06 0.131649 332956
SPAO 100000 572574 0.022596 2.23005e+07
HSSO 100000 523555 0.0216317 2.04804e+07
PLNO 100000 455004 0.0173337 2.07273e+07
Hyper 100000 509279 0.0190571 1.76459e+07
Coco 100000 1.04228e+06 0.0362197 1.00612e+06
USS 100000 3.77401e+06 0.129333 318330
SPAO 200000 245293 0.0100265 2.29244e+07
HSSO 200000 235975 0.00902306 2.06692e+07
PLNO 200000 252775 0.0104219 2.1468e+07
Hyper 200000 210637 0.00801625 1.57961e+07
Coco 200000 555123 0.0187419 1.02367e+06
USS 200000 1.83832e+06 0.0631134 341326
SPAO 200000 254541 0.0102014 2.24805e+07
HSSO 200000 250758 0.0102511 1.97407e+07
PLNO 200000 273461 0.0103637 2.04724e+07
Hyper 200000 209976 0.0083087 1.53038e+07
Coco 200000 523140 0.0182709 1.01278e+06
USS 200000 1.90031e+06 0.0644867 349754
SPAO 200000 242984 0.00945781 2.30095e+07
HSSO 200000 247301 0.00948151 2.068e+07
PLNO 200000 221284 0.0082763 2.17738e+07
Hyper 200000 206170 0.00786315 1.59658e+07
Coco 200000 575917 0.0192544 1.07278e+06
USS 200000 1.8852e+06 0.0645838 349891
SPAO 200000 229114 0.00888459 2.12908e+07
HSSO 200000 241984 0.0092969 2.06888e+07
PLNO 200000 230038 0.00873881 2.15981e+07
Hyper 200000 233736 0.00869767 1.58004e+07
Coco 200000 518301 0.0188966 1.03798e+06
USS 200000 1.84437e+06 0.0634596 331141
SPAO 200000 258167 0.0102148 2.05307e+07
HSSO 200000 237624 0.00938619 1.82327e+07
PLNO 200000 207255 0.00770658 2.16535e+07
Hyper 200000 238512 0.00918532 1.60265e+07
Coco 200000 600947 0.020795 1.06922e+06
USS 200000 1.88694e+06 0.0637192 351809
SPAO 300000 164998 0.00622256 2.32417e+07
HSSO 300000 211414 0.00856019 2.11918e+07
PLNO 300000 173795 0.00658427 2.01339e+07
Hyper 300000 118803 0.00464851 1.82803e+07
Coco 300000 339569 0.0115728 1.08657e+06
USS 300000 1.21256e+06 0.0420611 354436
SPAO 300000 176440 0.00647234 2.33513e+07
HSSO 300000 169396 0.00624952 2.16187e+07
PLNO 300000 145187 0.00551416 2.16625e+07
Hyper 300000 126024 0.00488454 1.95306e+07
Coco 300000 316803 0.0109789 1.06245e+06
USS 300000 1.23208e+06 0.0422709 347065
SPAO 300000 169755 0.00626972 2.30639e+07
HSSO 300000 164000 0.00623802 2.05123e+07
PLNO 300000 194878 0.00739439 2.21265e+07
Hyper 300000 138913 0.0053841 1.96947e+07
Coco 300000 325775 0.011615 988918
USS 300000 1.24182e+06 0.042324 335097
SPAO 300000 159615 0.00611967 2.31984e+07
HSSO 300000 172984 0.00660772 2.02901e+07
PLNO 300000 157273 0.00611917 2.10882e+07
Hyper 300000 139224 0.00529648 1.88051e+07
Coco 300000 325427 0.0111317 1.0677e+06
USS 300000 1.22957e+06 0.0420632 351090
SPAO 300000 175815 0.0065571 2.26789e+07
HSSO 300000 168668 0.00652133 2.07248e+07
PLNO 300000 148161 0.0057152 2.12353e+07
Hyper 300000 145862 0.0057621 1.88201e+07
Coco 300000 332833 0.0112406 1.01719e+06
USS 300000 1.23214e+06 0.0421321 342112
SPAO 400000 113699 0.0043113 2.39665e+07
HSSO 400000 107704 0.00416546 2.14612e+07
PLNO 400000 114069 0.00441089 2.21141e+07
Hyper 400000 86426.1 0.00328387 2.04575e+07
Coco 400000 259947 0.00955129 1.08875e+06
USS 400000 900000 0.0309807 361058
SPAO 400000 109432 0.00412845 2.39551e+07
HSSO 400000 112607 0.00441241 1.98974e+07
PLNO 400000 95964.5 0.00372945 1.92531e+07
Hyper 400000 89328.9 0.00352985 1.93245e+07
Coco 400000 260314 0.00991916 1.02382e+06
USS 400000 900236 0.0308601 358787
SPAO 400000 110583 0.00442884 2.39548e+07
HSSO 400000 108042 0.00424981 2.17713e+07
PLNO 400000 114480 0.00415749 2.17248e+07
Hyper 400000 94354 0.00363138 2.04158e+07
Coco 400000 301320 0.00967562 1.05664e+06
USS 400000 918954 0.0313334 366315
SPAO 400000 109458 0.00437685 2.33499e+07
HSSO 400000 109724 0.00414687 2.14326e+07
PLNO 400000 107582 0.00400149 2.16214e+07
Hyper 400000 91123.5 0.00349814 2.04546e+07
Coco 400000 270819 0.00908401 1.05118e+06
USS 400000 896514 0.0306657 357930
SPAO 400000 107962 0.00405385 2.38844e+07
HSSO 400000 107594 0.00417213 2.17055e+07
PLNO 400000 102137 0.00383703 2.17161e+07
Hyper 400000 83556.6 0.00322839 2.0349e+07
Coco 400000 253983 0.00945604 1.08574e+06
USS 400000 905338 0.0309057 360416
SPAO 500000 101421 0.00397624 2.40753e+07
HSSO 500000 89246.1 0.00357565 2.19472e+07
PLNO 500000 91854.5 0.00341909 2.1828e+07
Hyper 500000 72401.2 0.00283019 2.04966e+07
Coco 500000 185681 0.00626528 1.06965e+06
USS 500000 713606 0.0244174 367905
SPAO 500000 101790 0.00411138 2.4275e+07
HSSO 500000 89990.9 0.00342957 2.09387e+07
PLNO 500000 77857 0.00293907 2.0295e+07
Hyper 500000 74267.9 0.00286895 1.90374e+07
Coco 500000 170816 0.00583669 976536
USS 500000 710348 0.0246285 371322
SPAO 500000 91367.9 0.0035361 2.415e+07
HSSO 500000 88314.1 0.00348702 2.18117e+07
PLNO 500000 105273 0.00411717 2.20247e+07
Hyper 500000 79436 0.00305758 2.0657e+07
Coco 500000 174018 0.00598132 1.03802e+06
USS 500000 718902 0.0246835 372068
SPAO 500000 94884.9 0.00355122 2.40437e+07
HSSO 500000 93062.6 0.00361451 2.17314e+07
PLNO 500000 80176.9 0.00306692 2.19743e+07
Hyper 500000 77266.9 0.00286602 2.06097e+07
Coco 500000 173981 0.00597752 1.04698e+06
USS 500000 709053 0.0244459 369371
SPAO 500000 92410.5 0.00357863 2.3944e+07
HSSO 500000 94477.4 0.00370627 2.18157e+07
PLNO 500000 93267.3 0.00342892 2.19606e+07
Hyper 500000 71934.9 0.00270297 2.07049e+07
Coco 500000 203111 0.00629021 1.07072e+06
USS 500000 713751 0.024429 369713
SPAO 600000 61481.1 0.00225817 2.33902e+07
HSSO 600000 69866.8 0.00268426 2.02583e+07
PLNO 600000 99471.6 0.00445267 2.07569e+07
Hyper 600000 54553.8 0.00207287 2.11773e+07
Coco 600000 159072 0.00522437 1.04847e+06
USS 600000 586564 0.0200308 346241
SPAO 600000 64696.3 0.00245227 2.39507e+07
HSSO 600000 69869.9 0.0028551 2.06409e+07
PLNO 600000 88918.5 0.00349891 1.98361e+07
Hyper 600000 55648.4 0.00208701 1.92175e+07
Coco 600000 142277 0.00527487 964476
USS 600000 576609 0.0198888 367496
SPAO 600000 69496.3 0.00270896 2.46722e+07
HSSO 600000 67111.2 0.00262748 2.18847e+07
PLNO 600000 67121.4 0.00272585 2.19358e+07
Hyper 600000 62439.7 0.00223564 2.12676e+07
Coco 600000 153589 0.00514125 1.01838e+06
USS 600000 588969 0.0201768 357691
SPAO 600000 65761.9 0.002476 2.50002e+07
HSSO 600000 65806.7 0.0025019 2.18643e+07
PLNO 600000 62639.6 0.0024348 2.2106e+07
Hyper 600000 58331 0.00218018 2.11431e+07
Coco 600000 148402 0.00522415 1.02793e+06
USS 600000 580445 0.0201535 366700
SPAO 600000 64946.6 0.00244978 2.47749e+07
HSSO 600000 64019.2 0.00242817 2.17626e+07
PLNO 600000 64872.9 0.00252422 2.19369e+07
Hyper 600000 56911.5 0.00227472 2.11429e+07
Coco 600000 149164 0.00538971 1.04874e+06
USS 600000 589447 0.0199928 366402
SPAO 700000 51181.6 0.00192065 2.35358e+07
HSSO 700000 47722.1 0.00181977 2.05323e+07
PLNO 700000 54336.7 0.00203605 2.23946e+07
Hyper 700000 51724.8 0.00207891 2.07329e+07
Coco 700000 132130 0.00445437 1.03444e+06
USS 700000 493561 0.0168729 368015
SPAO 700000 53849.4 0.00202708 2.49908e+07
HSSO 700000 51907.2 0.00198438 2.18469e+07
PLNO 700000 50448.8 0.00203054 2.22588e+07
Hyper 700000 48327.4 0.00188024 1.94289e+07
Coco 700000 138197 0.00479589 1.01422e+06
USS 700000 491883 0.0169129 370445
SPAO 700000 49620 0.00188838 2.48278e+07
HSSO 700000 51219.2 0.00193335 2.19266e+07
PLNO 700000 61671 0.00232737 2.18192e+07
Hyper 700000 83021.1 0.0030651 2.04102e+07
Coco 700000 135122 0.00454886 1.00457e+06
USS 700000 496582 0.0169096 357342
SPAO 700000 51199.4 0.0020363 2.49621e+07
HSSO 700000 48083.2 0.00183626 2.17433e+07
PLNO 700000 57764.3 0.00217353 2.21187e+07
Hyper 700000 60062.4 0.00237761 2.07743e+07
Coco 700000 131148 0.0044806 1.02178e+06
USS 700000 499011 0.0171152 365043
SPAO 700000 49524.8 0.0018696 2.49717e+07
HSSO 700000 50928.5 0.00194442 2.17701e+07
PLNO 700000 53856.3 0.00204496 2.21785e+07
Hyper 700000 51029 0.00195311 2.08181e+07
Coco 700000 139544 0.00463973 1.03439e+06
USS 700000 489169 0.0167906 372993
SPAO 800000 38998.5 0.00152968 2.38348e+07
HSSO 800000 39697.3 0.0015731 2.04217e+07
PLNO 800000 43634.5 0.00171122 2.08021e+07
Hyper 800000 54234.8 0.00214513 2.18139e+07
Coco 800000 99990.3 0.00349804 1.03144e+06
USS 800000 425480 0.0146695 389967
SPAO 800000 40462.8 0.00151809 2.5078e+07
HSSO 800000 41000.2 0.00159805 2.19428e+07
PLNO 800000 50100.8 0.00187554 2.17941e+07
Hyper 800000 38202.4 0.00145223 2.16926e+07
Coco 800000 102604 0.00357211 1.00216e+06
USS 800000 429639 0.0146071 362933
SPAO 800000 41210.3 0.00159631 2.51793e+07
HSSO 800000 40538.4 0.00158026 2.19809e+07
PLNO 800000 43426.5 0.00165334 2.24817e+07
Hyper 800000 37906.3 0.00142529 2.15101e+07
Coco 800000 110398 0.00383632 1.01022e+06
USS 800000 429079 0.0146671 345369
SPAO 800000 38946.8 0.00153266 2.48336e+07
HSSO 800000 39697.5 0.00162803 2.18757e+07
PLNO 800000 43816.7 0.0021499 2.19605e+07
Hyper 800000 36493.8 0.00136554 2.13427e+07
Coco 800000 110347 0.00392169 1.03123e+06
USS 800000 423318 0.0145994 346122
SPAO 800000 40279.1 0.00155141 2.50331e+07
HSSO 800000 42609.3 0.00163096 2.19692e+07
PLNO 800000 41532 0.00158066 2.21012e+07
Hyper 800000 39098.3 0.00157529 2.17909e+07
Coco 800000 117092 0.00401499 1.03225e+06
USS 800000 427143 0.0147207 361621
SPAO 900000 34252.6 0.00135913 2.35283e+07
HSSO 900000 34713 0.00133729 1.94784e+07
PLNO 900000 42391.8 0.001634 2.15605e+07
Hyper 900000 33367.7 0.00131065 2.0273e+07
Coco 900000 93406.9 0.00323836 961153
USS 900000 374078 0.0127889 331376
SPAO 900000 33455.1 0.00125836 2.34474e+07
HSSO 900000 34850.7 0.00135791 1.99054e+07
PLNO 900000 43708 0.00161956 1.99801e+07
Hyper 900000 33309.6 0.00126308 2.09255e+07
Coco 900000 90870.9 0.00318648 962216
USS 900000 369926 0.0127117 334324
SPAO 900000 35100.1 0.00134831 2.44899e+07
HSSO 900000 35212.6 0.00135193 1.91893e+07
PLNO 900000 39169.5 0.00148547 1.97233e+07
Hyper 900000 37550.2 0.0014905 1.90038e+07
Coco 900000 97079.4 0.00334938 958238
USS 900000 370280 0.0127828 335952
SPAO 900000 35482.9 0.00135952 2.49248e+07
HSSO 900000 34805 0.00130128 2.18871e+07
PLNO 900000 43489.1 0.00160349 1.99424e+07
Hyper 900000 37133 0.00140964 1.97678e+07
Coco 900000 94326.2 0.00326339 957547
USS 900000 374574 0.0128583 337590
SPAO 900000 35788.6 0.00137293 2.4822e+07
HSSO 900000 35264.8 0.00133269 2.08939e+07
PLNO 900000 50130.1 0.00182584 2.16636e+07
Hyper 900000 37995.8 0.00144365 1.90004e+07
Coco 900000 96304.4 0.00329049 945597
USS 900000 368687 0.0126461 338838
SPAO 1000000 31920.7 0.0012573 2.40996e+07
HSSO 1000000 31009.5 0.00123214 2.06462e+07
PLNO 1000000 29397.4 0.00110357 2.11755e+07
Hyper 1000000 26847.9 0.00101955 2.07192e+07
Coco 1000000 86057.1 0.00299376 931498
USS 1000000 334713 0.0114664 331225
SPAO 1000000 31816.3 0.00123829 2.40634e+07
HSSO 1000000 31597.5 0.00118916 2.06757e+07
PLNO 1000000 29435.9 0.00109206 2.12429e+07
Hyper 1000000 28188.6 0.00110626 2.06349e+07
Coco 1000000 88947.8 0.00299861 931980
USS 1000000 329365 0.0114963 334232
SPAO 1000000 30745.4 0.00117258 2.4791e+07
HSSO 1000000 30800.8 0.00117663 2.06562e+07
PLNO 1000000 29635.8 0.00110555 2.12024e+07
Hyper 1000000 28200.5 0.00106141 2.1028e+07
Coco 1000000 90136.3 0.00302757 933296
USS 1000000 331163 0.0113555 330328
SPAO 1000000 31461.3 0.00121541 2.42306e+07
HSSO 1000000 31498.5 0.00121773 2.07226e+07
PLNO 1000000 30146.9 0.00115236 2.14596e+07
Hyper 1000000 29245 0.00110276 2.06719e+07
Coco 1000000 91923.2 0.00307669 933023
USS 1000000 331625 0.0113187 336902
SPAO 1000000 31872.4 0.00127571 2.40995e+07
HSSO 1000000 34090.8 0.00132634 2.15996e+07
PLNO 1000000 30458.5 0.00117958 2.22819e+07
Hyper 1000000 27160.5 0.00102593 2.15938e+07
Coco 1000000 85785.6 0.00295201 996457
USS 1000000 332071 0.0113651 368514
