SPAO 10000 0.989446 0.475716 0.642516 4509.96 0.647742 1.67668e+07
HSSO 10000 0.990021 0.488435 0.654143 5361.8 0.70144 1.69401e+07
PLNO 10000 0.989373 0.481237 0.647518 3355.77 0.763671 1.46104e+07
Hyper 10000 0.990457 0.485731 0.651809 3425.31 0.856859 1.02035e+07
Coco 10000 0.990138 0.368543 0.537151 1480.46 0.620263 1.42507e+06
USS 10000 0.997063 0.222522 0.363843 1313.37 0.712752 483070
SPAO 20000 0.989018 0.547368 0.704715 3361.29 0.543222 1.77224e+07
HSSO 20000 0.989702 0.541163 0.699723 2451.54 0.542192 1.72167e+07
PLNO 20000 0.990665 0.549371 0.706792 3599.67 0.537475 1.38635e+07
Hyper 20000 0.986413 0.565692 0.719032 3655.63 0.635412 1.15522e+07
Coco 20000 0.994533 0.446546 0.61635 1212.64 0.544652 1.49442e+06
USS 20000 0.999405 0.256493 0.408219 740.055 0.678092 476981
SPAO 30000 0.985498 0.602697 0.747964 2602.4 0.451038 2.07263e+07
HSSO 30000 0.987568 0.602598 0.748484 2037.24 0.401327 2.11489e+07
PLNO 30000 0.986933 0.607545 0.752103 2332.83 0.449163 1.79168e+07
Hyper 30000 0.984598 0.621583 0.762068 2232.48 0.478336 1.51441e+07
Coco 30000 0.989051 0.507998 0.671235 1316.77 0.517929 1.64437e+06
USS 30000 0.994435 0.351651 0.519572 1468.8 0.667096 481030
SPAO 40000 0.984181 0.652023 0.784387 1672.37 0.393977 2.21816e+07
HSSO 40000 0.972061 0.663864 0.788931 2859.63 0.465045 2.23847e+07
PLNO 40000 0.983759 0.648666 0.78182 2341 0.388497 1.85031e+07
Hyper 40000 0.98359 0.675725 0.801097 2036.58 0.391528 1.74865e+07
Coco 40000 0.989649 0.546284 0.703975 1284.33 0.619767 1.71143e+06
USS 40000 0.998147 0.364564 0.534066 1194.2 0.616387 483023
SPAO 50000 0.972647 0.692343 0.8089 1638.38 0.324604 2.24604e+07
HSSO 50000 0.982051 0.690411 0.810803 1704.35 0.385667 2.29003e+07
PLNO 50000 0.970518 0.733989 0.835842 1984.83 0.38429 1.90364e+07
Hyper 50000 0.984481 0.692663 0.813184 1410.13 0.291263 1.7445e+07
Coco 50000 0.989013 0.583145 0.73369 1462.9 0.604579 1.59521e+06
USS 50000 0.994391 0.383772 0.553809 1366.23 0.588976 479416
SPAO 60000 0.971868 0.720958 0.827818 1294.64 0.247951 2.37987e+07
HSSO 60000 0.979681 0.727513 0.834973 1309.87 0.261622 2.49044e+07
PLNO 60000 0.97952 0.769706 0.86203 1418.76 0.298566 1.97524e+07
Hyper 60000 0.978603 0.75336 0.851335 974.787 0.26711 1.90812e+07
Coco 60000 0.98716 0.591591 0.739819 1714.99 0.51254 1.6918e+06
USS 60000 0.991409 0.420884 0.590909 1465.86 0.581058 495366
SPAO 70000 0.969308 0.794512 0.873249 1171.22 0.294768 2.35566e+07
HSSO 70000 0.969881 0.812157 0.884039 1394.52 0.314541 2.49129e+07
PLNO 70000 0.979512 0.785679 0.871953 1186.67 0.291035 1.96165e+07
Hyper 70000 0.97709 0.830218 0.897686 961.153 0.335764 1.86964e+07
Coco 70000 0.98805 0.648099 0.782758 1628.08 0.510208 1.67643e+06
USS 70000 0.997172 0.411161 0.582246 1051.7 0.613084 496373
SPAO 80000 0.969107 0.831682 0.895151 862.793 0.241584 2.53446e+07
HSSO 80000 0.977271 0.851875 0.910275 1026.27 0.281692 2.58832e+07
PLNO 80000 0.965046 0.822979 0.888369 1019.09 1.07358 2.18909e+07
Hyper 80000 0.968832 0.833991 0.896369 802.734 0.227983 2.18151e+07
Coco 80000 0.98603 0.644142 0.779235 1519.65 0.559156 1.72016e+06
USS 80000 0.995816 0.441926 0.612178 1119.46 0.549225 516958
SPAO 90000 0.978219 0.828051 0.896893 916.095 0.206408 2.73239e+07
HSSO 90000 0.969541 0.853219 0.907668 878.155 0.312344 2.84015e+07
PLNO 90000 0.976961 0.848809 0.908387 594.587 0.269781 2.27536e+07
Hyper 90000 0.966022 0.854552 0.906875 1135.82 0.207207 2.20211e+07
Coco 90000 0.984284 0.663455 0.792636 2326.04 0.869262 1.86648e+06
USS 90000 0.993571 0.463036 0.631686 1246.01 0.623278 526514
SPAO 100000 0.976053 0.86374 0.916469 530.109 0.193749 2.74465e+07
HSSO 100000 0.974639 0.85203 0.909219 647.578 0.198564 2.89904e+07
PLNO 100000 0.974987 0.870148 0.919589 533.41 0.232002 2.35233e+07
Hyper 100000 0.972618 0.882408 0.92532 757.059 0.210152 2.19103e+07
Coco 100000 0.983306 0.722866 0.833208 2218.11 0.552401 1.79356e+06
USS 100000 0.989776 0.510493 0.673577 1197.69 0.856238 523227
SPAO 200000 0.963176 0.945646 0.954331 198.26 0.12773 3.0269e+07
HSSO 200000 0.966962 0.945195 0.955955 247.564 0.0697174 3.18048e+07
PLNO 200000 0.968812 0.941482 0.954952 202.192 0.0661227 2.5727e+07
Hyper 200000 0.974845 0.94326 0.958793 193.16 0.0671253 2.55969e+07
Coco 200000 0.974586 0.826702 0.894574 7160.85 1.41237 1.94752e+06
USS 200000 0.987367 0.554287 0.709997 1067.75 0.452931 576612
SPAO 300000 0.969914 0.963015 0.966452 59.2803 0.0364095 3.12711e+07
HSSO 300000 0.967981 0.963631 0.965801 68.8028 0.0741986 3.3519e+07
PLNO 300000 0.969901 0.960811 0.965335 158.176 0.0415867 2.74292e+07
Hyper 300000 0.968608 0.962868 0.96573 101.125 0.0683612 2.62095e+07
Coco 300000 0.970268 0.905573 0.936805 1031.21 0.493758 2.05834e+06
USS 300000 0.987579 0.602293 0.748251 764.724 0.621217 625162
SPAO 400000 0.969901 0.967589 0.968744 31.949 0.00857457 3.12501e+07
HSSO 400000 0.969885 0.967542 0.968712 69.4204 0.0121301 3.33114e+07
PLNO 400000 0.969344 0.96331 0.966318 55.9978 0.0268027 2.72656e+07
Hyper 400000 0.968903 0.965162 0.967029 61.2847 0.0252761 2.75857e+07
Coco 400000 0.966037 0.932883 0.949171 876.366 0.293567 2.1281e+06
USS 400000 0.986956 0.622332 0.763337 577.906 0.280948 682641
SPAO 500000 0.969479 0.967163 0.96832 21.538 0.0107857 3.26039e+07
HSSO 500000 0.969377 0.96749 0.968433 9.36126 0.0051434 3.43775e+07
PLNO 500000 0.969536 0.966185 0.967857 46.5248 0.00988824 2.79231e+07
Hyper 500000 0.966051 0.966491 0.966271 30.2705 0.0152886 2.68623e+07
Coco 500000 0.974239 0.945958 0.95989 298.894 0.190797 2.16324e+06
USS 500000 0.985201 0.659573 0.790154 497.018 0.237126 735439
SPAO 600000 0.964872 0.96746 0.966165 6.21754 0.00557942 3.24748e+07
HSSO 600000 0.968451 0.967445 0.967948 5.61112 0.00546308 3.41933e+07
PLNO 600000 0.96943 0.968193 0.968811 41.0839 0.00559944 2.80863e+07
Hyper 600000 0.969451 0.968269 0.968859 27.946 0.00757189 2.69316e+07
Coco 600000 0.970302 0.952429 0.961282 678.366 0.117966 2.18261e+06
USS 600000 0.98434 0.690624 0.81173 508.454 0.223191 795891
SPAO 700000 0.969712 0.968786 0.969248 2.24205 0.00201104 3.32298e+07
HSSO 700000 0.969618 0.968868 0.969243 2.49444 0.00253188 3.53778e+07
PLNO 700000 0.969011 0.968437 0.968724 74.1051 0.00892142 2.83843e+07
Hyper 700000 0.969425 0.968238 0.968831 1.82297 0.0015251 2.87048e+07
Coco 700000 0.967677 0.957949 0.962788 914.306 0.100992 2.11724e+06
USS 700000 0.982476 0.718754 0.830174 430.448 0.171934 819961
SPAO 800000 0.969383 0.969293 0.969338 4.5758 0.00124065 3.30302e+07
HSSO 800000 0.969383 0.969293 0.969338 2.92199 0.00160142 3.54611e+07
PLNO 800000 0.969289 0.968595 0.968942 9.96381 0.00635743 2.89648e+07
Hyper 800000 0.969524 0.96788 0.968701 3.49373 0.00229242 2.85408e+07
Coco 800000 0.969035 0.958514 0.963746 157.01 0.0528404 2.23955e+06
USS 800000 0.982174 0.779496 0.869176 440.494 0.195646 821119
SPAO 900000 0.969383 0.968918 0.969151 1.08365 0.00238889 3.35909e+07
HSSO 900000 0.968321 0.968918 0.96862 0.358678 0.00197071 3.57649e+07
PLNO 900000 0.969369 0.968797 0.969083 2.59075 0.00215189 2.94616e+07
Hyper 900000 0.969522 0.968015 0.968768 0.625087 0.000818708 2.85294e+07
Coco 900000 0.968524 0.965865 0.967193 197.009 0.05312 2.30474e+06
USS 900000 0.98092 0.806189 0.885012 361.889 0.156817 833350
SPAO 1000000 0.969376 0.969376 0.969376 2.41605 0.000893905 3.36773e+07
HSSO 1000000 0.969367 0.969224 0.969296 4.18366 0.00113224 3.58768e+07
PLNO 1000000 0.969373 0.969342 0.969358 35.436 0.00144189 2.87243e+07
Hyper 1000000 0.969377 0.969316 0.969347 2.80709 0.00104508 2.74141e+07
Coco 1000000 0.968133 0.965491 0.96681 153.796 0.0324131 2.28104e+06
USS 1000000 0.978283 0.817935 0.890952 298.965 0.134301 829450
