SPAO 10000 1.97222e+09 0.524183 1.76206e+07
HSSO 10000 1.84629e+09 0.634417 1.69404e+07
PLNO 10000 1.50974e+09 0.874432 1.39935e+07
Hyper 10000 1.52854e+09 0.539111 1.04284e+07
Coco 10000 3.07718e+09 0.208078 1.62203e+06
USS 10000 9.00211e+09 0.630869 542123
SPAO 20000 8.55444e+08 0.308609 2.08252e+07
HSSO 20000 8.98872e+08 0.307693 2.09559e+07
PLNO 20000 9.06481e+08 0.395898 1.64228e+07
Hyper 20000 7.87559e+08 0.316335 1.36469e+07
Coco 20000 1.96389e+09 0.107367 1.70691e+06
USS 20000 5.26159e+09 0.378169 520792
SPAO 30000 6.45295e+08 0.314206 2.21942e+07
HSSO 30000 6.10783e+08 0.216297 2.1852e+07
PLNO 30000 5.57667e+08 0.236944 1.77527e+07
Hyper 30000 5.26108e+08 0.161392 1.53142e+07
Coco 30000 1.13271e+09 0.06811 1.80088e+06
USS 30000 4.21232e+09 0.266043 509980
SPAO 40000 3.70916e+08 0.15123 2.38574e+07
HSSO 40000 3.68968e+08 0.126541 2.38495e+07
PLNO 40000 3.85809e+08 0.178216 1.90529e+07
Hyper 40000 6.26291e+08 0.344323 1.69874e+07
Coco 40000 8.81188e+08 0.0521429 1.80672e+06
USS 40000 3.25577e+09 0.211169 516447
SPAO 50000 2.86917e+08 0.180211 2.38347e+07
HSSO 50000 2.79194e+08 0.12723 2.41953e+07
PLNO 50000 3.35789e+08 0.184751 2.03672e+07
Hyper 50000 1.79441e+08 0.097663 2.01326e+07
Coco 50000 6.86491e+08 0.0340358 1.84037e+06
USS 50000 3.13001e+09 0.163036 521291
SPAO 60000 2.9593e+08 0.21504 2.54658e+07
HSSO 60000 2.36023e+08 0.112669 2.6388e+07
PLNO 60000 2.11292e+08 0.090307 2.19691e+07
Hyper 60000 2.24642e+08 0.189068 2.06273e+07
Coco 60000 5.25173e+08 0.0295261 1.82562e+06
USS 60000 2.57189e+09 0.137878 518641
SPAO 70000 2.1524e+08 0.0790354 2.34275e+07
HSSO 70000 1.44184e+08 0.0849155 2.41318e+07
PLNO 70000 1.14455e+08 0.0579126 2.15048e+07
Hyper 70000 1.69605e+08 0.0681919 1.96035e+07
Coco 70000 5.39951e+08 0.0264403 1.73214e+06
USS 70000 1.90286e+09 0.111531 553558
SPAO 80000 9.13977e+07 0.0335185 2.8064e+07
HSSO 80000 8.91385e+07 0.0591678 2.76929e+07
PLNO 80000 1.18553e+08 0.0908914 2.14308e+07
Hyper 80000 1.6601e+08 0.0342832 2.02e+07
Coco 80000 4.23105e+08 0.0211633 1.8642e+06
USS 80000 1.87616e+09 0.0987249 576955
SPAO 90000 1.11287e+08 0.0623984 2.61908e+07
HSSO 90000 9.65653e+07 0.0612365 2.62078e+07
PLNO 90000 9.28863e+07 0.102635 2.1975e+07
Hyper 90000 9.17529e+07 0.0226428 1.89269e+07
Coco 90000 2.95266e+08 0.015102 1.82393e+06
USS 90000 1.58906e+09 0.0846607 556588
SPAO 100000 1.12738e+08 0.0361064 2.64152e+07
HSSO 100000 9.4561e+07 0.0170364 2.72383e+07
PLNO 100000 9.59903e+07 0.0248939 2.26673e+07
Hyper 100000 7.20139e+07 0.0363058 2.26455e+07
Coco 100000 2.47006e+08 0.0156711 2.03648e+06
USS 100000 1.50222e+09 0.0727157 593384
SPAO 200000 2.07275e+07 0.00238289 2.94937e+07
HSSO 200000 1.05355e+07 0.00299692 3.07074e+07
PLNO 200000 1.49595e+07 0.00783817 2.52485e+07
Hyper 200000 1.64874e+07 0.00312248 2.39253e+07
Coco 200000 1.2185e+08 0.00463385 2.25021e+06
USS 200000 6.36856e+08 0.0247164 665554
SPAO 300000 9.63691e+06 0.00328685 3.25555e+07
HSSO 300000 1.93074e+07 0.0098415 3.35043e+07
PLNO 300000 5.73317e+06 0.00125568 2.85423e+07
Hyper 300000 6.26848e+06 0.00100746 2.90371e+07
Coco 300000 4.82744e+07 0.00181112 2.2213e+06
USS 300000 3.0313e+08 0.0113126 738834
SPAO 400000 3.45923e+06 0.00187443 3.36446e+07
HSSO 400000 3.30155e+06 0.00151964 3.42391e+07
PLNO 400000 2.08388e+06 0.000649072 2.88624e+07
Hyper 400000 1.3885e+06 0.000174105 2.9095e+07
Coco 400000 3.82173e+07 0.00132131 2.43068e+06
USS 400000 1.91476e+08 0.0060201 781839
SPAO 500000 151520 1.76089e-05 3.44529e+07
HSSO 500000 76659.2 2.36753e-05 3.48643e+07
PLNO 500000 1.30838e+06 0.00052192 2.89777e+07
Hyper 500000 6.69005e+06 0.000287289 3.01433e+07
Coco 500000 1.8772e+07 0.00054169 2.48628e+06
USS 500000 1.03877e+08 0.00334522 834804
SPAO 600000 457616 0.000171631 3.35497e+07
HSSO 600000 966173 0.000165503 3.42197e+07
PLNO 600000 683948 0.000326049 2.9098e+07
Hyper 600000 895569 0.0001048 2.94484e+07
Coco 600000 1.91107e+07 0.000654392 2.46266e+06
USS 600000 6.00478e+07 0.0018673 876700
SPAO 700000 231845 0.000176239 3.4354e+07
HSSO 700000 97815.4 3.3063e-05 3.46618e+07
PLNO 700000 2.24556e+06 0.0014974 2.95463e+07
Hyper 700000 242326 4.55746e-05 2.76303e+07
Coco 700000 2.28285e+07 0.00058269 2.30882e+06
USS 700000 3.57366e+07 0.00107376 917684
SPAO 800000 38200.6 1.11858e-05 3.40927e+07
HSSO 800000 45898.6 1.26787e-05 3.46931e+07
PLNO 800000 5.57834e+06 0.000638034 2.9311e+07
Hyper 800000 189488 8.92839e-06 3.01784e+07
Coco 800000 2.79546e+06 0.000314502 2.52677e+06
USS 800000 1.99461e+07 0.000631335 899675
SPAO 900000 845993 2.05992e-05 3.41812e+07
HSSO 900000 1.83243e+06 5.25344e-05 3.51029e+07
PLNO 900000 115875 3.69739e-05 2.91422e+07
Hyper 900000 326792 4.88597e-05 2.99119e+07
Coco 900000 4.48757e+06 0.000279254 2.54048e+06
USS 900000 1.17563e+07 0.000376232 937089
SPAO 1000000 2726.78 1.38157e-06 3.21838e+07
HSSO 1000000 2726.78 1.38157e-06 3.20832e+07
PLNO 1000000 107207 1.45005e-05 2.70837e+07
Hyper 1000000 136985 1.7846e-05 2.786e+07
Coco 1000000 2.18643e+06 0.000235246 2.4922e+06
USS 1000000 6.07077e+06 0.000212091 951766
