SPAO 10000 0.922697 0.139691 0.242647 47.5145 0.457104 2.1645e+07
HSSO 10000 0.917763 0.138944 0.241349 40.5063 0.525698 2.3779e+07
PLNO 10000 0.912829 0.138197 0.240052 55.1525 0.399691 1.80158e+07
Hyper 10000 0.907303 0.160857 0.273266 40.3526 0.89263 1.72989e+07
Coco 10000 0.935976 0.0764442 0.141344 49.1028 0.651409 4.06142e+06
USS 10000 0.986842 0.0186753 0.0366569 68.3209 0.784932 1.27776e+06
SPAO 20000 0.880757 0.266683 0.409404 26.0411 0.226003 2.47063e+07
HSSO 20000 0.882401 0.267181 0.410168 30.0918 0.289193 2.56799e+07
PLNO 20000 0.873366 0.266185 0.408015 28.8676 0.263027 2.25781e+07
Hyper 20000 0.861268 0.304532 0.449963 33.1615 0.280108 2.16608e+07
Coco 20000 0.903614 0.149402 0.25641 29.6104 0.6231 4.51844e+06
USS 20000 0.921053 0.0348606 0.0671785 41.0127 0.638491 1.29353e+06
SPAO 30000 0.841848 0.385707 0.52903 20.5499 0.200933 2.72974e+07
HSSO 30000 0.844771 0.386205 0.530075 19.3109 0.179476 2.94508e+07
PLNO 30000 0.830377 0.373008 0.514777 25.6679 0.221103 2.30177e+07
Hyper 30000 0.829389 0.418825 0.556585 15.3221 0.151258 2.26487e+07
Coco 30000 0.87 0.216633 0.34689 33.394 0.576757 4.79916e+06
USS 30000 0.942982 0.0535359 0.10132 48.2066 0.678252 1.29779e+06
SPAO 40000 0.813993 0.4751 0.6 14.6825 0.126374 2.90504e+07
HSSO 40000 0.8093 0.472361 0.596541 13.1087 0.124041 3.03137e+07
PLNO 40000 0.813144 0.471365 0.596784 16.2324 0.150393 2.51343e+07
Hyper 40000 0.804878 0.525896 0.636145 10.7793 0.117463 2.57757e+07
Coco 40000 0.860272 0.283616 0.426592 24.6325 0.485393 5.27156e+06
USS 40000 0.947368 0.0717131 0.133333 43.8251 0.603736 1.36485e+06
SPAO 50000 0.806509 0.561504 0.662067 7.33069 0.0778732 2.38256e+07
HSSO 50000 0.804286 0.560757 0.660798 8.19597 0.100022 2.55343e+07
PLNO 50000 0.808542 0.546813 0.652406 8.00155 0.100817 2.33862e+07
Hyper 50000 0.786376 0.592131 0.675568 8.51806 0.0968335 2.67902e+07
Coco 50000 0.84322 0.346863 0.491531 21.8721 0.425032 5.1283e+06
USS 50000 0.927083 0.0886454 0.161818 38.1216 0.6085 1.53983e+06
SPAO 60000 0.792044 0.609811 0.689083 4.85696 0.0587319 2.98455e+07
HSSO 60000 0.798377 0.612301 0.693067 7.54909 0.0700509 3.05465e+07
PLNO 60000 0.793294 0.606823 0.687641 5.06471 0.072894 2.53801e+07
Hyper 60000 0.788937 0.635707 0.704082 6.25026 0.0677499 2.54427e+07
Coco 60000 0.824695 0.404133 0.542447 22.3864 0.476462 4.43715e+06
USS 60000 0.919565 0.105329 0.189008 31.3356 0.568392 1.50345e+06
SPAO 70000 0.784788 0.662849 0.718683 5.20161 0.0499454 3.23435e+07
HSSO 70000 0.785294 0.664841 0.720065 4.13767 0.0568645 3.48394e+07
PLNO 70000 0.793919 0.643675 0.710946 4.97414 0.0544655 2.71849e+07
Hyper 70000 0.779838 0.670319 0.720943 3.78745 0.0428441 2.71302e+07
Coco 70000 0.815081 0.452191 0.581678 23.8264 0.305975 4.84014e+06
USS 70000 0.921642 0.123008 0.217047 27.7063 0.537446 1.39847e+06
SPAO 80000 0.779564 0.676295 0.724267 4.08028 0.0428397 3.22564e+07
HSSO 80000 0.785264 0.682022 0.730011 3.39631 0.0450389 3.43385e+07
PLNO 80000 0.784584 0.666584 0.720786 3.85836 0.0442493 2.8828e+07
Hyper 80000 0.782931 0.710408 0.744909 2.77973 0.0421199 2.93258e+07
Coco 80000 0.806947 0.49751 0.615527 16.041 0.285708 5.4275e+06
USS 80000 0.918301 0.13994 0.242869 26.3938 0.520049 1.5381e+06
SPAO 90000 0.787068 0.703187 0.742767 2.93926 0.0325147 2.71734e+07
HSSO 90000 0.783889 0.702689 0.741071 2.13932 0.0294292 2.85575e+07
PLNO 90000 0.780508 0.687998 0.731339 3.61238 0.0338157 2.15506e+07
Hyper 90000 0.784973 0.715388 0.748567 2.31676 0.0291746 2.08736e+07
Coco 90000 0.792738 0.521912 0.629429 12.5235 0.225806 5.58254e+06
USS 90000 0.916185 0.157869 0.269329 27.6264 0.571143 1.65514e+06
SPAO 100000 0.781519 0.722361 0.750776 2.07043 0.0211386 3.36411e+07
HSSO 100000 0.780442 0.721365 0.749741 1.99732 0.02512 3.59822e+07
PLNO 100000 0.779555 0.715886 0.746366 3.69652 0.034944 2.88723e+07
Hyper 100000 0.786369 0.726843 0.755435 3.19352 0.0379123 2.94729e+07
Coco 100000 0.792244 0.569721 0.662804 10.9403 0.187732 5.37695e+06
USS 100000 0.907552 0.173556 0.291388 28.4506 1.18199 1.63558e+06
SPAO 200000 0.779309 0.774651 0.776973 0.141033 0.00204425 3.51476e+07
HSSO 200000 0.77981 0.775149 0.777473 0.120757 0.00146028 3.84351e+07
PLNO 200000 0.780295 0.763197 0.771652 0.481772 0.0103989 3.05099e+07
Hyper 200000 0.77996 0.771414 0.775663 0.0931922 0.0016404 3.11836e+07
Coco 200000 0.78169 0.718625 0.748832 2.75472 0.0648271 5.98927e+06
USS 200000 0.867188 0.331673 0.479827 15.8105 0.341897 1.97794e+06
SPAO 300000 0.77978 0.775896 0.777833 0.59303 0.00270832 3.56644e+07
HSSO 300000 0.78003 0.776145 0.778083 0.108498 0.00191284 3.96225e+07
PLNO 300000 0.78003 0.776145 0.778083 0.208985 0.00280797 3.08445e+07
Hyper 300000 0.77953 0.775647 0.777584 0.225828 0.00340495 3.12828e+07
Coco 300000 0.776895 0.755229 0.765909 2.22561 0.0323458 6.21144e+06
USS 300000 0.834201 0.478586 0.608228 11.9795 0.2395 2.12643e+06
SPAO 400000 0.779631 0.779631 0.779631 0 0 3.58989e+07
HSSO 400000 0.779631 0.779631 0.779631 0 0 4.01127e+07
PLNO 400000 0.77925 0.776145 0.777695 0.0110944 0.00104968 3.07917e+07
Hyper 400000 0.780531 0.776643 0.778582 0.382559 0.00403159 2.94093e+07
Coco 400000 0.77993 0.772161 0.776026 0.841409 0.016457 6.14441e+06
USS 400000 0.803641 0.615538 0.697124 6.4572 0.125143 2.12693e+06
SPAO 500000 0.77994 0.778386 0.779163 0.0482842 0.00150773 3.60669e+07
HSSO 500000 0.779691 0.778137 0.778913 0.00783343 0.00153707 4.03375e+07
PLNO 500000 0.778884 0.778884 0.778884 0.0602431 0.000594417 3.12478e+07
Hyper 500000 0.77991 0.779133 0.779522 0.086215 0.000945647 3.1476e+07
Coco 500000 0.780967 0.77241 0.776665 0.400992 0.0122722 6.20875e+06
USS 500000 0.770291 0.737301 0.753435 3.60968 0.0465453 2.18045e+06
SPAO 600000 0.779631 0.779631 0.779631 0 0 3.67819e+07
HSSO 600000 0.779631 0.779631 0.779631 0 0 4.0663e+07
PLNO 600000 0.779441 0.777888 0.778664 0.00152512 4.51883e-05 3.12777e+07
Hyper 600000 0.778856 0.779631 0.779243 0.000253572 0.000126693 3.16953e+07
Coco 600000 0.779691 0.778137 0.778913 0.156144 0.00242718 6.33836e+06
USS 600000 0.777309 0.779631 0.778468 0.157354 0.00461472 2.22005e+06
SPAO 700000 0.779631 0.779631 0.779631 0 0 3.32059e+07
HSSO 700000 0.779631 0.779631 0.779631 0 0 4.08573e+07
PLNO 700000 0.779631 0.779631 0.779631 9.61769e-06 3.82894e-07 3.12802e+07
Hyper 700000 0.77991 0.779133 0.779522 0.019066 0.00075789 3.15806e+07
Coco 700000 0.78 0.776892 0.778443 0.148598 0.00177635 6.31906e+06
USS 700000 0.779631 0.779631 0.779631 0 0 2.28762e+06
SPAO 800000 0.779631 0.779631 0.779631 0 0 3.44689e+07
HSSO 800000 0.779631 0.779631 0.779631 0 0 3.78038e+07
PLNO 800000 0.77994 0.778386 0.779163 0.0402274 0.000365546 2.67492e+07
Hyper 800000 0.779163 0.778386 0.778774 0.00065758 1.0176e-05 2.52638e+07
Coco 800000 0.778443 0.776892 0.777667 0.465052 0.00820782 5.84951e+06
USS 800000 0.779631 0.779631 0.779631 0 0 2.46017e+06
SPAO 900000 0.779631 0.779631 0.779631 0 0 3.55915e+07
HSSO 900000 0.779631 0.779631 0.779631 0 0 3.92626e+07
PLNO 900000 0.779133 0.779133 0.779133 0.000727572 4.19957e-06 2.6874e+07
Hyper 900000 0.779631 0.779631 0.779631 0 0 2.91513e+07
Coco 900000 0.779471 0.777141 0.778304 0.302965 0.00484442 5.50664e+06
USS 900000 0.779631 0.779631 0.779631 0 0 2.50692e+06
SPAO 1000000 0.77991 0.779133 0.779522 0.00255356 0.000243078 3.58018e+07
HSSO 1000000 0.77991 0.779133 0.779522 0.0134206 0.000190935 4.00066e+07
PLNO 1000000 0.779631 0.779631 0.779631 0 0 3.16504e+07
Hyper 1000000 0.779631 0.779631 0.779631 0 0 2.7895e+07
Coco 1000000 0.779631 0.779631 0.779631 0.00136746 6.01389e-05 5.4571e+06
USS 1000000 0.779631 0.779631 0.779631 0 0 2.53636e+06
