SPAO 10000 2.00152e+09 0.503347 1.84587e+07
HSSO 10000 1.8287e+09 0.485901 1.82313e+07
PLNO 10000 1.61528e+09 2.4624 1.5244e+07
Hyper 10000 1.35752e+09 0.530514 1.11321e+07
Coco 10000 3.37174e+09 0.210295 1.59449e+06
USS 10000 8.78517e+09 0.651543 526923
SPAO 20000 9.51813e+08 0.414789 2.03409e+07
HSSO 20000 1.26959e+09 1.07777 2.06451e+07
PLNO 20000 1.03778e+09 0.498917 1.59204e+07
Hyper 20000 8.10751e+08 0.399947 1.30985e+07
Coco 20000 1.65027e+09 0.105425 1.62683e+06
USS 20000 5.64867e+09 0.377775 538616
SPAO 30000 6.11051e+08 0.318471 2.25498e+07
HSSO 30000 4.81798e+08 0.201022 2.23072e+07
PLNO 30000 5.39863e+08 0.212793 1.68136e+07
Hyper 30000 6.9109e+08 0.686417 1.32913e+07
Coco 30000 1.15644e+09 0.0610192 1.75435e+06
USS 30000 4.55341e+09 0.277692 499565
SPAO 40000 4.09161e+08 0.180691 2.33382e+07
HSSO 40000 4.37712e+08 0.194579 2.4263e+07
PLNO 40000 2.70295e+08 0.121347 1.99552e+07
Hyper 40000 3.34255e+08 0.160349 1.6743e+07
Coco 40000 9.92648e+08 0.0504241 1.78442e+06
USS 40000 3.58227e+09 0.211234 518392
SPAO 50000 2.73014e+08 0.0969417 2.41037e+07
HSSO 50000 3.80976e+08 0.238194 2.42395e+07
PLNO 50000 2.74134e+08 0.124548 2.03795e+07
Hyper 50000 2.18396e+08 0.0904913 1.96909e+07
Coco 50000 7.10562e+08 0.0342804 1.85639e+06
USS 50000 3.09334e+09 0.163746 498915
SPAO 60000 2.75671e+08 0.0793169 2.45239e+07
HSSO 60000 2.7032e+08 0.140165 2.54249e+07
PLNO 60000 2.46281e+08 0.109846 1.09737e+07
Hyper 60000 1.99894e+08 0.0744809 2.0703e+07
Coco 60000 6.41618e+08 0.0295898 1.86272e+06
USS 60000 2.4348e+09 0.136308 517032
SPAO 70000 1.50033e+08 0.0697363 2.38127e+07
HSSO 70000 1.2699e+08 0.0527647 2.47311e+07
PLNO 70000 1.12464e+08 0.0635792 1.66524e+07
Hyper 70000 1.45053e+08 0.0757126 2.13675e+07
Coco 70000 4.71204e+08 0.0258701 1.92881e+06
USS 70000 2.14669e+09 0.11147 565064
SPAO 80000 1.23393e+08 0.231934 2.73853e+07
HSSO 80000 8.88092e+07 0.0294041 2.78373e+07
PLNO 80000 1.12932e+08 0.0543889 2.08084e+07
Hyper 80000 2.62804e+08 0.0699705 2.12582e+07
Coco 80000 4.5876e+08 0.0197422 1.95232e+06
USS 80000 1.90029e+09 0.0973599 529723
SPAO 90000 1.40596e+08 0.150067 2.65445e+07
HSSO 90000 1.17695e+08 0.0679601 2.66317e+07
PLNO 90000 9.03168e+07 0.0429635 2.42704e+07
Hyper 90000 1.02898e+08 0.0651877 2.10573e+07
Coco 90000 4.27439e+08 0.0174526 1.95773e+06
USS 90000 1.75602e+09 0.0811373 577980
SPAO 100000 8.97622e+07 0.0193335 2.86571e+07
HSSO 100000 1.07657e+08 0.0213929 2.99823e+07
PLNO 100000 7.15413e+07 0.0149695 2.47676e+07
Hyper 100000 6.7071e+07 0.0242124 2.46387e+07
Coco 100000 2.63399e+08 0.0163 2.07571e+06
USS 100000 1.59575e+09 0.0734232 582374
SPAO 200000 1.09942e+07 0.00400813 3.16353e+07
HSSO 200000 1.06468e+07 0.00291844 3.29062e+07
PLNO 200000 2.18264e+07 0.00926306 2.77409e+07
Hyper 200000 2.24393e+07 0.00301908 2.66156e+07
Coco 200000 1.01552e+08 0.00531099 2.28444e+06
USS 200000 6.05057e+08 0.0246667 657901
SPAO 300000 1.54294e+07 0.00901077 3.24055e+07
HSSO 300000 1.51634e+07 0.0063808 3.33177e+07
PLNO 300000 6.34928e+06 0.00374574 2.87908e+07
Hyper 300000 4.36729e+06 0.0016305 2.88277e+07
Coco 300000 7.83992e+07 0.00257365 2.36957e+06
USS 300000 3.0388e+08 0.0111713 721610
SPAO 400000 3.6071e+06 0.00268151 3.37827e+07
HSSO 400000 3.52728e+06 0.00202752 3.42082e+07
PLNO 400000 4.5343e+06 0.00118876 2.97069e+07
Hyper 400000 1.57548e+06 0.000221959 2.93219e+07
Coco 400000 2.37849e+07 0.00125743 2.45138e+06
USS 400000 1.80283e+08 0.00598128 782966
SPAO 500000 156980 1.75163e-05 3.41616e+07
HSSO 500000 78052 1.57274e-05 3.48134e+07
PLNO 500000 1.341e+06 0.000455715 2.90301e+07
Hyper 500000 735157 0.000167034 3.01103e+07
Coco 500000 2.88888e+07 0.00097694 2.46528e+06
USS 500000 1.02092e+08 0.00334863 846386
SPAO 600000 466386 0.000165121 3.3359e+07
HSSO 600000 458808 0.00016518 3.42562e+07
PLNO 600000 526391 0.000109728 2.90122e+07
Hyper 600000 1.6424e+06 9.65773e-05 2.97177e+07
Coco 600000 1.75859e+07 0.000675749 2.30488e+06
USS 600000 5.76894e+07 0.00186982 881042
SPAO 700000 110714 4.31818e-05 3.41678e+07
HSSO 700000 347151 0.000204758 3.47417e+07
PLNO 700000 1.50046e+06 0.000163572 2.93734e+07
Hyper 700000 269657 4.45388e-05 3.00123e+07
Coco 700000 7.71742e+07 0.000880287 2.4753e+06
USS 700000 3.57802e+07 0.00110336 899445
SPAO 800000 45705.1 1.27827e-05 3.47252e+07
HSSO 800000 38715.2 1.00397e-05 3.51628e+07
PLNO 800000 6.03507e+06 0.000605632 2.97083e+07
Hyper 800000 761773 5.00872e-05 3.01048e+07
Coco 800000 2.12232e+06 0.000379683 2.53297e+06
USS 800000 1.91301e+07 0.000624975 931861
SPAO 900000 881061 2.47671e-05 3.33465e+07
HSSO 900000 891426 2.4077e-05 3.22145e+07
PLNO 900000 112104 4.43883e-05 2.68064e+07
Hyper 900000 329077 6.15933e-05 2.69736e+07
Coco 900000 8.51874e+06 0.000444004 2.42978e+06
USS 900000 1.20896e+07 0.000374333 950887
SPAO 1000000 3071.42 3.40555e-06 3.46596e+07
HSSO 1000000 2691.27 1.192e-06 3.53224e+07
PLNO 1000000 48043.9 1.46367e-05 2.96062e+07
Hyper 1000000 599316 0.000205392 3.02881e+07
Coco 1000000 2.10294e+06 0.000161048 2.56473e+06
USS 1000000 6.4789e+06 0.000219138 927641
