SPAO 10000 0.917763 0.138944 0.241349 51.4217 0.439189 2.07415e+07
HSSO 10000 0.911184 0.137948 0.239619 51.659 0.398885 2.15724e+07
PLNO 10000 0.911184 0.137948 0.239619 58.1463 0.493711 1.72369e+07
Hyper 10000 0.914326 0.162102 0.275381 55.1875 0.686571 1.54378e+07
Coco 10000 0.935976 0.0764442 0.141344 47.7632 0.681027 3.40083e+06
USS 10000 0.973684 0.0184263 0.0361681 61.3235 0.752984 1.40221e+06
SPAO 20000 0.877467 0.265687 0.407875 27.0875 0.257891 2.47249e+07
HSSO 20000 0.870888 0.263695 0.404817 29.6783 0.234652 2.52293e+07
PLNO 20000 0.877451 0.26743 0.409924 31.9044 0.329087 2.24935e+07
Hyper 20000 0.851408 0.301046 0.444812 32.9727 0.243902 2.19322e+07
Coco 20000 0.896084 0.148157 0.254274 33.0869 0.577758 4.30746e+06
USS 20000 0.927632 0.0351096 0.0676583 62.3314 0.668194 1.3101e+06
SPAO 30000 0.835512 0.381972 0.524265 15.4179 0.143622 2.72588e+07
HSSO 30000 0.837691 0.382968 0.525632 23.5796 0.191706 2.82732e+07
PLNO 30000 0.839644 0.375498 0.518926 21.9527 0.349657 2.3517e+07
Hyper 30000 0.827603 0.419572 0.556841 22.7679 0.238938 2.26143e+07
Coco 30000 0.867 0.215886 0.345694 34.1009 0.577437 4.67161e+06
USS 30000 0.960526 0.0545319 0.103205 49.4794 0.639759 1.3266e+06
SPAO 40000 0.802048 0.468127 0.591195 17.8471 0.160234 2.87172e+07
HSSO 40000 0.816239 0.475598 0.601007 17.797 0.144195 3.04441e+07
PLNO 40000 0.813993 0.4751 0.6 14.233 0.127166 2.41276e+07
Hyper 40000 0.802432 0.525896 0.635379 10.0124 0.115217 2.54911e+07
Coco 40000 0.865559 0.285359 0.429213 28.6621 0.527017 5.12944e+06
USS 40000 0.9375 0.0709661 0.131944 43.0227 0.624452 1.35363e+06
SPAO 50000 0.799069 0.555528 0.655405 9.84643 0.0959952 2.42141e+07
HSSO 50000 0.799139 0.554781 0.654909 10.4937 0.108965 2.96596e+07
PLNO 50000 0.798817 0.537849 0.642857 8.85234 0.158505 2.65576e+07
Hyper 50000 0.792886 0.593875 0.6791 7.71643 0.0807188 2.72127e+07
Coco 50000 0.835558 0.342878 0.486229 23.1823 0.377461 5.08028e+06
USS 50000 0.921875 0.0881474 0.160909 34.7176 0.581298 1.4939e+06
SPAO 60000 0.793338 0.610807 0.690208 9.76096 0.0843533 2.6042e+07
HSSO 60000 0.794099 0.609811 0.689859 6.01922 0.0631032 2.86858e+07
PLNO 60000 0.792484 0.603835 0.685415 8.10937 0.100026 2.25745e+07
Hyper 60000 0.788319 0.635209 0.70353 9.30986 0.0778342 2.38366e+07
Coco 60000 0.830777 0.404631 0.544206 18.6215 0.328336 4.42075e+06
USS 60000 0.926087 0.106076 0.190349 33.7823 0.568797 1.57277e+06
SPAO 70000 0.7898 0.667082 0.723272 5.48145 0.0544284 3.20911e+07
HSSO 70000 0.782763 0.660359 0.71637 5.30079 0.057954 3.44585e+07
PLNO 70000 0.793411 0.641683 0.709526 4.8773 0.0545729 2.73566e+07
Hyper 70000 0.783469 0.670319 0.722491 4.3054 0.0372505 2.70516e+07
Coco 70000 0.811939 0.450448 0.579436 19.2293 0.320631 4.7665e+06
USS 70000 0.932836 0.124502 0.219684 32.2307 0.551379 1.47063e+06
SPAO 80000 0.780892 0.679781 0.726837 5.21389 0.059566 3.22308e+07
HSSO 80000 0.779851 0.676544 0.724533 2.85165 0.0336111 3.42631e+07
PLNO 80000 0.786009 0.663098 0.719341 4.22916 0.0417102 2.8238e+07
Hyper 80000 0.787569 0.70991 0.746726 3.63479 0.0342277 2.99763e+07
Coco 80000 0.80937 0.499004 0.617375 14.9593 0.264969 4.96499e+06
USS 80000 0.918301 0.13994 0.242869 26.0093 0.570769 1.65456e+06
SPAO 90000 0.788268 0.702689 0.743023 2.74356 0.0344092 3.3017e+07
HSSO 90000 0.785356 0.70244 0.741588 3.117 0.0344802 3.55804e+07
PLNO 90000 0.784785 0.690986 0.734905 2.57743 0.0304992 2.86797e+07
Hyper 90000 0.783333 0.713894 0.747004 2.2547 0.0231333 2.79719e+07
Coco 90000 0.796617 0.527639 0.634811 13.4348 0.232298 4.79639e+06
USS 90000 0.91185 0.157122 0.268054 25.895 0.520052 1.76115e+06
SPAO 100000 0.783441 0.723357 0.752201 2.06452 0.0232813 3.09953e+07
HSSO 100000 0.78425 0.724104 0.752978 1.59291 0.0202911 3.39494e+07
PLNO 100000 0.780978 0.715637 0.746881 2.07391 0.0299191 2.84979e+07
Hyper 100000 0.784103 0.727092 0.754522 2.01577 0.0178085 2.4401e+07
Coco 100000 0.79 0.570468 0.662522 12.7651 0.202488 5.19953e+06
USS 100000 0.914062 0.174801 0.293478 28.0133 0.827826 1.71275e+06
SPAO 200000 0.779058 0.774402 0.776723 0.0600251 0.000741784 3.27439e+07
HSSO 200000 0.78006 0.775398 0.777722 0.0829156 0.00166571 3.88206e+07
PLNO 200000 0.776876 0.762948 0.769849 0.339014 0.00451471 3.05731e+07
Hyper 200000 0.78125 0.771912 0.776553 0.344574 0.00364508 3.11975e+07
Coco 200000 0.779491 0.71738 0.747147 4.33597 0.0628352 5.93799e+06
USS 200000 0.861328 0.329432 0.476585 17.7862 0.454565 1.98813e+06
SPAO 300000 0.78003 0.776145 0.778083 0.197232 0.00170215 3.28343e+07
HSSO 300000 0.78003 0.776145 0.778083 0.217914 0.00315004 3.42645e+07
PLNO 300000 0.77981 0.775149 0.777473 0.190648 0.00247775 2.30346e+07
Hyper 300000 0.779279 0.775398 0.777334 0.150417 0.00358402 2.99536e+07
Coco 300000 0.779969 0.758217 0.768939 1.40331 0.0289176 6.28881e+06
USS 300000 0.834201 0.478586 0.608228 12.3142 0.259457 2.25806e+06
SPAO 400000 0.779631 0.779631 0.779631 0 0 3.37077e+07
HSSO 400000 0.779631 0.779631 0.779631 0 0 3.30985e+07
PLNO 400000 0.77925 0.776145 0.777695 0.852924 0.00310406 2.41122e+07
Hyper 400000 0.7795 0.776394 0.777944 0.0244633 0.00103446 2.8227e+07
Coco 400000 0.778421 0.770667 0.774525 0.657008 0.00893601 6.33873e+06
USS 400000 0.809168 0.619771 0.701918 7.54407 0.129474 2.31596e+06
SPAO 500000 0.779691 0.778137 0.778913 0.0309576 0.000824189 3.42167e+07
HSSO 500000 0.779441 0.777888 0.778664 0.235044 0.00188 3.76631e+07
PLNO 500000 0.779412 0.778635 0.779023 0.00223238 4.63621e-05 2.42729e+07
Hyper 500000 0.77991 0.779133 0.779522 0.00104245 1.22301e-05 2.50532e+07
Coco 500000 0.779427 0.771663 0.775526 0.566638 0.00957376 6.18893e+06
USS 500000 0.76847 0.735558 0.751654 3.53403 0.047243 2.35246e+06
SPAO 600000 0.779631 0.779631 0.779631 0 0 3.73623e+07
HSSO 600000 0.779631 0.779631 0.779631 0 0 4.00907e+07
PLNO 600000 0.779691 0.778137 0.778913 0.0356745 0.000825443 2.96134e+07
Hyper 600000 0.779631 0.779631 0.779631 0.000303839 9.49603e-05 3.14188e+07
Coco 600000 0.779691 0.778137 0.778913 0.324579 0.00216004 5.2598e+06
USS 600000 0.775768 0.779631 0.777695 0.253492 0.00468119 2.53086e+06
SPAO 700000 0.779631 0.779631 0.779631 0 0 3.62216e+07
HSSO 700000 0.779631 0.779631 0.779631 0 0 4.20785e+07
PLNO 700000 0.779631 0.779631 0.779631 9.61769e-06 3.82894e-07 3.01497e+07
Hyper 700000 0.779661 0.778884 0.779273 0.0503531 0.000313598 2.98908e+07
Coco 700000 0.78 0.776892 0.778443 0.0508626 0.000721067 5.63537e+06
USS 700000 0.779631 0.779631 0.779631 0 0 2.40777e+06
SPAO 800000 0.779631 0.779631 0.779631 0 0 3.58658e+07
HSSO 800000 0.779631 0.779631 0.779631 0 0 4.02027e+07
PLNO 800000 0.77994 0.778386 0.779163 0.0861504 0.00137644 3.16811e+07
Hyper 800000 0.779133 0.779133 0.779133 0.0017241 0.000105044 2.96038e+07
Coco 800000 0.778664 0.777888 0.778276 0.333588 0.0055392 5.9193e+06
USS 800000 0.779631 0.779631 0.779631 0 0 2.38966e+06
SPAO 900000 0.779631 0.779631 0.779631 0 0 3.57748e+07
HSSO 900000 0.779631 0.779631 0.779631 0 0 4.07987e+07
PLNO 900000 0.77991 0.779133 0.779522 0.00243401 2.24336e-05 3.13139e+07
Hyper 900000 0.779631 0.779631 0.779631 0 0 3.06498e+07
Coco 900000 0.77972 0.77739 0.778554 0.112169 0.00193723 6.18901e+06
USS 900000 0.779631 0.779631 0.779631 0 0 2.54893e+06
SPAO 1000000 0.779661 0.778884 0.779273 0.00193079 4.13417e-05 3.64756e+07
HSSO 1000000 0.779661 0.778884 0.779273 0.0605916 0.000480298 4.09688e+07
PLNO 1000000 0.779631 0.779631 0.779631 0 0 3.16132e+07
Hyper 1000000 0.779631 0.779631 0.779631 0 0 3.36159e+07
Coco 1000000 0.779631 0.779631 0.779631 0.00136746 6.01389e-05 6.41894e+06
USS 1000000 0.779631 0.779631 0.779631 0 0 2.63811e+06
