SPAO 10000 0.978773 0.564919 0.71637 40.1678 0.474247 2.1645e+07
HSSO 10000 0.973957 0.563379 0.713841 34.2142 0.938464 2.3779e+07
PLNO 10000 0.970141 0.571445 0.719236 42.0796 0.441703 1.80158e+07
Hyper 10000 0.968202 0.591088 0.734042 37.9662 0.550917 1.72989e+07
Coco 10000 0.974839 0.492842 0.654695 35.9266 0.51015 4.06142e+06
USS 10000 0.990565 0.341935 0.508381 57.9336 0.601499 1.27776e+06
SPAO 20000 0.963797 0.653716 0.779035 18.568 0.271082 2.47063e+07
HSSO 20000 0.963725 0.672534 0.792219 20.4095 0.339264 2.56799e+07
PLNO 20000 0.959005 0.69747 0.807591 20.3388 0.33029 2.25781e+07
Hyper 20000 0.952923 0.702143 0.808533 19.3791 0.266518 2.16608e+07
Coco 20000 0.968299 0.608509 0.747356 29.5017 0.487835 4.51844e+06
USS 20000 0.982122 0.424158 0.592449 42.3052 0.531123 1.29353e+06
SPAO 30000 0.948021 0.783342 0.85785 17.9704 0.254727 2.72974e+07
HSSO 30000 0.951762 0.730998 0.826899 15.6102 0.297958 2.94508e+07
PLNO 30000 0.946144 0.773861 0.851374 17.3996 0.252755 2.30177e+07
Hyper 30000 0.946435 0.79598 0.864711 11.249 0.185961 2.26487e+07
Coco 30000 0.959349 0.653574 0.777477 75.8921 0.826408 4.79916e+06
USS 30000 0.979066 0.466433 0.631849 37.9874 0.712096 1.29779e+06
SPAO 40000 0.945801 0.822307 0.879741 11.7052 0.187339 2.90504e+07
HSSO 40000 0.943862 0.834586 0.885867 10.351 0.213314 3.03137e+07
PLNO 40000 0.94577 0.813421 0.874617 9.47291 0.199155 2.51343e+07
Hyper 40000 0.941286 0.852981 0.894961 9.17488 0.160866 2.57757e+07
Coco 40000 0.956422 0.723218 0.823631 37.3598 0.52632 5.27156e+06
USS 40000 0.985678 0.471382 0.637765 32.4208 0.444677 1.36485e+06
SPAO 50000 0.941843 0.865255 0.901926 5.83682 0.122476 2.38256e+07
HSSO 50000 0.941553 0.869939 0.90433 6.59973 0.138515 2.55343e+07
PLNO 50000 0.938426 0.856863 0.895792 7.48103 0.158097 2.33862e+07
Hyper 50000 0.938708 0.892176 0.914851 7.87886 0.147274 2.67902e+07
Coco 50000 0.952265 0.757131 0.84356 51.585 0.989229 5.1283e+06
USS 50000 0.975475 0.502763 0.663537 29.2726 0.439911 1.53983e+06
SPAO 60000 0.930552 0.889627 0.909629 4.50876 0.102429 2.98455e+07
HSSO 60000 0.939062 0.888752 0.913214 5.49392 0.104393 3.05465e+07
PLNO 60000 0.939191 0.880911 0.909118 4.73181 0.122852 2.53801e+07
Hyper 60000 0.939099 0.895555 0.91681 4.88236 0.0997798 2.54427e+07
Coco 60000 0.94502 0.817854 0.876851 46.5673 0.604829 4.43715e+06
USS 60000 0.979411 0.510317 0.671009 27.2786 0.43095 1.50345e+06
SPAO 70000 0.933049 0.905492 0.919064 4.03004 0.0784988 3.23435e+07
HSSO 70000 0.933826 0.904879 0.919124 4.07969 0.0758556 3.48394e+07
PLNO 70000 0.937546 0.893892 0.915198 4.60599 0.0883222 2.71849e+07
Hyper 70000 0.930744 0.902568 0.91644 3.73824 0.07216 2.71302e+07
Coco 70000 0.94513 0.822607 0.879623 25.7915 0.384555 4.84014e+06
USS 70000 0.9747 0.527387 0.68444 25.523 0.462604 1.39847e+06
SPAO 80000 0.928003 0.907006 0.917385 3.12982 0.0676489 3.22564e+07
HSSO 80000 0.934582 0.90805 0.921125 2.91548 0.0724256 3.43385e+07
PLNO 80000 0.936829 0.900655 0.918386 3.30047 0.0899762 2.8828e+07
Hyper 80000 0.928948 0.911854 0.920322 3.38478 0.0611729 2.93258e+07
Coco 80000 0.931206 0.844019 0.885472 42.4451 0.51634 5.4275e+06
USS 80000 0.97154 0.556848 0.707935 23.2628 0.394938 1.5381e+06
SPAO 90000 0.938179 0.910869 0.924323 3.87364 0.0771241 2.71734e+07
HSSO 90000 0.936126 0.908486 0.922099 2.86058 0.0771483 2.85575e+07
PLNO 90000 0.936557 0.906937 0.921509 3.43681 0.0761508 2.15506e+07
Hyper 90000 0.932842 0.920457 0.926608 2.41358 0.0527774 2.08736e+07
Coco 90000 0.93636 0.871336 0.902678 30.4792 0.665214 5.58254e+06
USS 90000 0.970739 0.560623 0.710764 19.2015 0.472136 1.65514e+06
SPAO 100000 0.936705 0.910573 0.923454 2.83585 0.0475286 3.36411e+07
HSSO 100000 0.931141 0.918658 0.924857 2.0764 0.04304 3.59822e+07
PLNO 100000 0.932356 0.918381 0.925316 2.92643 0.0454979 2.88723e+07
Hyper 100000 0.933193 0.921053 0.927083 2.27421 0.0516707 2.94729e+07
Coco 100000 0.934987 0.878668 0.905953 23.7039 0.328895 5.37695e+06
USS 100000 0.970937 0.569678 0.718053 21.8655 0.489411 1.63558e+06
SPAO 200000 0.931639 0.93105 0.931344 0.329152 0.00677061 3.51476e+07
HSSO 200000 0.931655 0.931066 0.931361 0.122009 0.0055514 3.84351e+07
PLNO 200000 0.931944 0.928835 0.930387 1.10178 0.0224434 3.05099e+07
Hyper 200000 0.931782 0.930644 0.931213 0.343444 0.009851 3.11836e+07
Coco 200000 0.934125 0.914891 0.924408 7.42701 0.148629 5.98927e+06
USS 200000 0.961297 0.680811 0.797099 11.2775 0.202272 1.97794e+06
SPAO 300000 0.931548 0.931545 0.931547 0.188133 0.00206318 3.56644e+07
HSSO 300000 0.931541 0.931435 0.931488 0.159048 0.00358435 3.96225e+07
PLNO 300000 0.931813 0.930711 0.931261 0.159791 0.00488572 3.08445e+07
Hyper 300000 0.932072 0.930334 0.931202 0.250069 0.00496782 3.12828e+07
Coco 300000 0.925927 0.927118 0.926522 3.55615 0.0456262 6.21144e+06
USS 300000 0.950982 0.737758 0.830909 8.00213 0.120242 2.12643e+06
SPAO 400000 0.93167 0.93167 0.93167 0 0 3.58989e+07
HSSO 400000 0.93167 0.93167 0.93167 0 0 4.01127e+07
PLNO 400000 0.93184 0.931125 0.931482 0.0779434 0.00254173 3.07917e+07
Hyper 400000 0.931942 0.9312 0.931571 0.184903 0.00368354 2.94093e+07
Coco 400000 0.931073 0.930886 0.93098 0.964667 0.0166459 6.14441e+06
USS 400000 0.942142 0.841841 0.889172 5.16074 0.0858985 2.12693e+06
SPAO 500000 0.931694 0.93154 0.931617 0.0474625 0.00167547 3.60669e+07
HSSO 500000 0.931685 0.931531 0.931608 0.0340225 0.00205777 4.03375e+07
PLNO 500000 0.931645 0.931645 0.931645 0.395326 0.00641299 3.12478e+07
Hyper 500000 0.931679 0.931653 0.931666 0.0755225 0.000958359 3.1476e+07
Coco 500000 0.933013 0.929175 0.93109 0.623048 0.0122162 6.20875e+06
USS 500000 0.934163 0.897323 0.915372 4.56747 0.0612988 2.18045e+06
SPAO 600000 0.93167 0.93167 0.93167 0 0 3.67819e+07
HSSO 600000 0.93167 0.93167 0.93167 0 0 4.0663e+07
PLNO 600000 0.928583 0.931292 0.929935 0.0332135 0.00127093 3.12777e+07
Hyper 600000 0.931149 0.93167 0.931409 0.0200728 0.000468638 3.16953e+07
Coco 600000 0.931981 0.930664 0.931322 0.970717 0.0124314 6.33836e+06
USS 600000 0.921717 0.929029 0.925358 1.63471 0.0257855 2.22005e+06
SPAO 700000 0.93167 0.93167 0.93167 0 0 3.32059e+07
HSSO 700000 0.93167 0.93167 0.93167 0 0 4.08573e+07
PLNO 700000 0.93167 0.93167 0.93167 0.00735353 0.000290144 3.12802e+07
Hyper 700000 0.931679 0.931653 0.931666 0.0398274 0.000683442 3.15806e+07
Coco 700000 0.931696 0.93149 0.931593 0.513959 0.00717992 6.31906e+06
USS 700000 0.93167 0.93167 0.93167 0.130687 0.00146626 2.28762e+06
SPAO 800000 0.93167 0.93167 0.93167 0 0 3.44689e+07
HSSO 800000 0.93167 0.93167 0.93167 0 0 3.78038e+07
PLNO 800000 0.93168 0.931628 0.931654 0.0584251 0.0013356 2.67492e+07
Hyper 800000 0.931668 0.93154 0.931604 0.0278031 0.000739516 2.52638e+07
Coco 800000 0.931613 0.931254 0.931433 0.0913357 0.00373606 5.84951e+06
USS 800000 0.93167 0.93167 0.93167 0 0 2.46017e+06
SPAO 900000 0.93167 0.93167 0.93167 0 0 3.55915e+07
HSSO 900000 0.93167 0.93167 0.93167 0 0 3.92626e+07
PLNO 900000 0.931653 0.931653 0.931653 0.0954005 0.00331199 2.6874e+07
Hyper 900000 0.93167 0.93167 0.93167 0 0 2.91513e+07
Coco 900000 0.931507 0.931351 0.931429 0.180651 0.00302122 5.50664e+06
USS 900000 0.93167 0.93167 0.93167 0 0 2.50692e+06
SPAO 1000000 0.931679 0.931653 0.931666 0.0135488 0.000408987 3.58018e+07
HSSO 1000000 0.931679 0.931653 0.931666 0.0120044 0.000227844 4.00066e+07
PLNO 1000000 0.93167 0.93167 0.93167 0 0 3.16504e+07
Hyper 1000000 0.93167 0.93167 0.93167 0 0 2.7895e+07
Coco 1000000 0.931801 0.93128 0.93154 0.116897 0.00207499 5.4571e+06
USS 1000000 0.93167 0.93167 0.93167 0 0 2.53636e+06
