SPAO 10000 0.988689 0.48276 0.648748 5640.33 0.724365 1.70733e+07
HSSO 10000 0.991153 0.477526 0.644527 2899.27 0.741306 1.68652e+07
PLNO 10000 0.988089 0.465454 0.632812 5160.97 0.732179 1.45427e+07
Hyper 10000 0.990796 0.469905 0.637474 3151.43 0.691653 1.06746e+07
Coco 10000 0.998892 0.362412 0.531859 1417.14 0.596787 1.41869e+06
USS 10000 0.996667 0.210666 0.347814 1243.59 0.672015 478768
SPAO 20000 0.990826 0.53897 0.698165 2666.96 0.489997 1.89639e+07
HSSO 20000 0.988247 0.543551 0.701349 2814.83 0.533852 1.95054e+07
PLNO 20000 0.989845 0.548693 0.706022 3508.23 0.621295 1.58499e+07
Hyper 20000 0.987285 0.560872 0.715355 3337.32 0.497822 1.29243e+07
Coco 20000 0.992011 0.461777 0.630199 1155.43 0.585768 1.54279e+06
USS 20000 0.997105 0.309689 0.472595 1553.07 0.777568 497024
SPAO 30000 0.974711 0.606939 0.748067 2179.25 0.410367 2.10892e+07
HSSO 30000 0.985848 0.61183 0.75506 2744.55 0.513803 2.1473e+07
PLNO 30000 0.985164 0.633318 0.770996 2230.83 0.493248 1.73192e+07
Hyper 30000 0.986599 0.62026 0.761669 2489.03 0.426175 1.6095e+07
Coco 30000 0.988624 0.510777 0.673558 1114.68 0.644381 1.63353e+06
USS 30000 0.998434 0.346311 0.514252 1259.39 0.68378 483574
SPAO 40000 0.973042 0.647994 0.777929 1562.07 0.399958 2.18148e+07
HSSO 40000 0.987359 0.63245 0.771023 1678.01 0.354624 2.22511e+07
PLNO 40000 0.972906 0.664144 0.789408 2135.06 0.399618 1.8055e+07
Hyper 40000 0.974113 0.701429 0.815582 2300.92 0.368775 1.77677e+07
Coco 40000 0.991124 0.529364 0.690128 1138.49 0.557044 1.69517e+06
USS 40000 0.997244 0.366204 0.535693 1331.41 0.631385 478164
SPAO 50000 0.983941 0.679176 0.803634 1429.13 0.389165 2.26103e+07
HSSO 50000 0.985304 0.67887 0.803874 1350.49 0.332017 2.26619e+07
PLNO 50000 0.969459 0.69467 0.809377 1773.58 0.351896 1.94126e+07
Hyper 50000 0.971519 0.715605 0.824153 1800.67 0.665656 1.79192e+07
Coco 50000 0.987549 0.581838 0.732253 1157.07 0.49898 1.56363e+06
USS 50000 0.997605 0.385897 0.556519 1442.61 0.654091 479522
SPAO 60000 0.981528 0.718262 0.829508 1003.71 0.272031 2.42295e+07
HSSO 60000 0.971546 0.754782 0.849555 1455.4 0.253999 2.44452e+07
PLNO 60000 0.981235 0.75613 0.854099 1259.97 0.257709 1.90892e+07
Hyper 60000 0.978346 0.739526 0.842336 1504.32 0.275068 1.76545e+07
Coco 60000 0.989649 0.593796 0.742242 1115.46 0.539153 1.69164e+06
USS 60000 0.995841 0.400153 0.570903 1147.23 0.62905 481759
SPAO 70000 0.970372 0.798814 0.876275 1409.37 0.31231 2.52881e+07
HSSO 70000 0.978516 0.799911 0.880245 1028.87 0.503057 2.60493e+07
PLNO 70000 0.980281 0.753422 0.852009 1034.7 0.259236 2.1634e+07
Hyper 70000 0.976872 0.82057 0.891925 1083.64 0.272908 1.97564e+07
Coco 70000 0.987226 0.63348 0.771747 1200.8 0.615515 1.69838e+06
USS 70000 0.992387 0.424519 0.594657 1115.89 0.540316 497766
SPAO 80000 0.969303 0.826863 0.892435 1135.13 0.236034 2.56613e+07
HSSO 80000 0.969068 0.835535 0.897361 1109.89 0.227995 2.66838e+07
PLNO 80000 0.96269 0.815848 0.883207 1076.14 0.282322 2.19575e+07
Hyper 80000 0.977587 0.84835 0.908395 926.59 0.249076 2.17458e+07
Coco 80000 0.986161 0.635457 0.772886 1681.63 0.58067 1.68519e+06
USS 80000 0.992986 0.434714 0.6047 1003.35 2.53021 512508
SPAO 90000 0.977482 0.841255 0.904267 791.063 0.193182 2.70027e+07
HSSO 90000 0.97678 0.820763 0.892001 823.588 0.230893 2.81923e+07
PLNO 90000 0.967923 0.850072 0.905178 749.541 0.27733 2.27708e+07
Hyper 90000 0.976569 0.853701 0.911011 790.499 0.198336 2.19922e+07
Coco 90000 0.985452 0.669169 0.797081 1794.73 0.562753 1.83417e+06
USS 90000 0.993297 0.466377 0.634732 1096.56 0.731202 517314
SPAO 100000 0.971697 0.869867 0.917967 608.612 0.228785 2.72827e+07
HSSO 100000 0.976388 0.876116 0.923538 662.215 0.198007 2.88571e+07
PLNO 100000 0.968757 0.882858 0.923815 813.516 0.210529 2.29158e+07
Hyper 100000 0.975224 0.875761 0.92282 591.385 0.168101 2.20093e+07
Coco 100000 0.984463 0.677664 0.802748 4632.89 0.735341 1.78564e+06
USS 100000 0.993156 0.463636 0.63216 1132.49 0.489973 526717
SPAO 200000 0.968909 0.948145 0.958415 265.214 0.0984034 3.01933e+07
HSSO 200000 0.968399 0.946128 0.957134 226.831 0.0965504 3.17141e+07
PLNO 200000 0.970047 0.942809 0.956234 203.104 0.0711464 2.57988e+07
Hyper 200000 0.969233 0.94558 0.95726 181.106 0.0607588 2.55928e+07
Coco 200000 0.978393 0.832669 0.899669 2529.79 0.715981 1.93612e+06
USS 200000 0.993506 0.534285 0.694879 879.017 0.431774 582950
SPAO 300000 0.969894 0.960865 0.965358 58.1874 0.0251105 3.15128e+07
HSSO 300000 0.968925 0.961823 0.965361 58.1721 0.0212616 3.3792e+07
PLNO 300000 0.969735 0.960613 0.965152 176.818 0.0306373 2.74334e+07
Hyper 300000 0.969502 0.96051 0.964985 115.974 0.0453967 2.63371e+07
Coco 300000 0.974399 0.904165 0.937969 1279.15 0.373276 2.02803e+06
USS 300000 0.987812 0.58955 0.738403 764.793 0.339975 635405
SPAO 400000 0.969908 0.967453 0.968679 28.8984 0.00964286 3.16309e+07
HSSO 400000 0.969646 0.967629 0.968637 46.0085 0.0106116 3.42072e+07
PLNO 400000 0.969066 0.962498 0.965771 49.732 0.0245951 2.78853e+07
Hyper 400000 0.969465 0.964859 0.967156 30.9422 0.0115175 2.78045e+07
Coco 400000 0.97159 0.928338 0.949472 547.39 0.268093 2.12174e+06
USS 400000 0.987908 0.638272 0.775503 608.198 0.416866 683200
SPAO 500000 0.968578 0.967534 0.968056 12.1735 0.00498551 3.31743e+07
HSSO 500000 0.969347 0.967464 0.968405 10.2633 0.00613974 3.41359e+07
PLNO 500000 0.966205 0.966779 0.966492 65.4029 0.0187057 2.82088e+07
Hyper 500000 0.969343 0.967522 0.968432 26.8855 0.00776083 2.70958e+07
Coco 500000 0.970111 0.942924 0.956324 352.071 0.16777 2.15528e+06
USS 500000 0.981423 0.707525 0.822265 619.833 0.270956 714678
SPAO 600000 0.968296 0.967402 0.967849 10.1376 0.00692513 3.21091e+07
HSSO 600000 0.969464 0.967526 0.968494 7.47563 0.00663493 3.43176e+07
PLNO 600000 0.969414 0.966972 0.968191 101.501 0.00721385 2.79161e+07
Hyper 600000 0.96941 0.96831 0.96886 28.4109 0.00828703 2.74925e+07
Coco 600000 0.964929 0.951029 0.957929 679.213 0.117354 2.1884e+06
USS 600000 0.982391 0.729651 0.837365 517.358 0.311831 800502
SPAO 700000 0.969712 0.968786 0.969248 2.86512 0.00227045 3.1217e+07
HSSO 700000 0.969712 0.968786 0.969248 2.36156 0.00221686 3.28074e+07
PLNO 700000 0.967891 0.968459 0.968175 47.2001 0.00988722 2.5733e+07
Hyper 700000 0.969425 0.968238 0.968831 1.79742 0.00102826 2.65559e+07
Coco 700000 0.965527 0.957952 0.961725 216.67 0.122571 2.11493e+06
USS 700000 0.982392 0.714834 0.827523 441.628 0.172849 770083
SPAO 800000 0.969378 0.969288 0.969333 3.69696 0.00134054 3.21949e+07
HSSO 800000 0.969383 0.969293 0.969338 2.70641 0.00131636 3.40445e+07
PLNO 800000 0.969535 0.968551 0.969043 6.96829 0.0040007 2.76171e+07
Hyper 800000 0.969526 0.967995 0.96876 3.42079 0.00319516 2.86355e+07
Coco 800000 0.969778 0.957871 0.963788 139.539 0.0692908 2.13553e+06
USS 800000 0.982323 0.748117 0.849371 388.759 0.177619 826902
SPAO 900000 0.968321 0.968918 0.96862 0.384688 0.00346456 3.36284e+07
HSSO 900000 0.968321 0.968918 0.96862 0.571704 0.00229096 3.58189e+07
PLNO 900000 0.969369 0.968797 0.969083 3.81778 0.00299117 2.93278e+07
Hyper 900000 0.969522 0.968015 0.968768 0.625922 0.000818147 2.89681e+07
Coco 900000 0.966651 0.963504 0.965075 325 0.0498935 2.31579e+06
USS 900000 0.972194 0.803224 0.879668 1789.61 0.157792 829022
SPAO 1000000 0.969367 0.969224 0.969296 2.33476 0.000692208 3.36434e+07
HSSO 1000000 0.969367 0.969224 0.969296 2.33476 0.000692208 3.5938e+07
PLNO 1000000 0.968253 0.969167 0.96871 35.2401 0.00302851 2.86106e+07
Hyper 1000000 0.967853 0.969309 0.96858 5.21941 0.014215 2.76595e+07
Coco 1000000 0.96963 0.964835 0.967227 135.975 0.0374449 2.26243e+06
USS 1000000 0.978274 0.819237 0.89172 297.256 0.132361 841936
