SPAO 10000 0.972985 0.562178 0.712616 39.7073 0.483207 2.07415e+07
HSSO 10000 0.970211 0.576128 0.722954 44.4092 0.416578 2.15724e+07
PLNO 10000 0.971624 0.575341 0.722725 42.2161 0.470596 1.72369e+07
Hyper 10000 0.97266 0.581187 0.72761 42.2943 0.623435 1.54378e+07
Coco 10000 0.978329 0.499027 0.660928 43.6249 0.566551 3.40083e+06
USS 10000 0.993664 0.317362 0.481075 49.4464 0.596921 1.40221e+06
SPAO 20000 0.962459 0.663026 0.785163 21.7786 0.302042 2.47249e+07
HSSO 20000 0.960115 0.658973 0.781538 23.0588 0.263015 2.52293e+07
PLNO 20000 0.959955 0.697453 0.807916 22.8178 0.330216 2.24935e+07
Hyper 20000 0.953055 0.730609 0.827137 20.5194 0.269791 2.19322e+07
Coco 20000 0.967757 0.582037 0.726897 46.0878 0.583767 4.30746e+06
USS 20000 0.983375 0.393716 0.562302 45.787 0.562178 1.3101e+06
SPAO 30000 0.949238 0.760303 0.84433 16.5178 0.251043 2.72588e+07
HSSO 30000 0.950059 0.769478 0.850286 17.17 0.248309 2.82732e+07
PLNO 30000 0.94839 0.762211 0.845169 16.3025 0.643583 2.3517e+07
Hyper 30000 0.946028 0.803611 0.869023 13.536 0.27465 2.26143e+07
Coco 30000 0.956299 0.683355 0.79711 38.3597 0.752172 4.67161e+06
USS 30000 0.986675 0.456563 0.624262 42.5286 0.548178 1.3266e+06
SPAO 40000 0.94329 0.838876 0.888024 18.3325 0.27355 2.87172e+07
HSSO 40000 0.944442 0.830617 0.88388 11.589 0.224221 3.04441e+07
PLNO 40000 0.9455 0.787192 0.859114 8.69424 0.13624 2.41276e+07
Hyper 40000 0.940311 0.865047 0.90111 6.94661 0.155295 2.54911e+07
Coco 40000 0.95803 0.722401 0.823696 78.5904 0.706589 5.12944e+06
USS 40000 0.983636 0.473916 0.639649 39.2156 0.499249 1.35363e+06
SPAO 50000 0.940413 0.861271 0.899104 8.50282 0.133861 2.42141e+07
HSSO 50000 0.926176 0.872587 0.898583 9.61267 0.155903 2.96596e+07
PLNO 50000 0.937292 0.86648 0.900496 7.29034 0.183841 2.65576e+07
Hyper 50000 0.939468 0.881135 0.909367 6.97333 0.149345 2.72127e+07
Coco 50000 0.946981 0.773104 0.851255 84.9412 1.1329 5.08028e+06
USS 50000 0.972721 0.509306 0.668561 28.0864 0.466785 1.4939e+06
SPAO 60000 0.937915 0.888288 0.912428 6.55418 0.151067 2.6042e+07
HSSO 60000 0.936209 0.884026 0.909369 6.02888 0.116438 2.86858e+07
PLNO 60000 0.93737 0.882935 0.909339 6.55465 0.159032 2.25745e+07
Hyper 60000 0.938571 0.892572 0.914993 4.9122 0.0867803 2.38366e+07
Coco 60000 0.945772 0.802415 0.868216 70.6168 0.755273 4.42075e+06
USS 60000 0.979142 0.504531 0.665925 23.8663 0.585402 1.57277e+06
SPAO 70000 0.936908 0.898978 0.917551 3.9923 0.0846734 3.20911e+07
HSSO 70000 0.936912 0.898318 0.91721 3.64708 0.0993486 3.44585e+07
PLNO 70000 0.938571 0.887902 0.912534 3.65623 0.0762116 2.73566e+07
Hyper 70000 0.932677 0.902857 0.917525 4.02126 0.0889959 2.70516e+07
Coco 70000 0.944296 0.809072 0.87147 72.7292 0.920004 4.7665e+06
USS 70000 0.974945 0.549481 0.70284 25.3625 0.425256 1.47063e+06
SPAO 80000 0.932474 0.909969 0.921084 4.28166 0.0882581 3.22308e+07
HSSO 80000 0.936065 0.904866 0.920201 5.18704 0.0955347 3.42631e+07
PLNO 80000 0.929497 0.905589 0.917387 3.73041 0.0911693 2.8238e+07
Hyper 80000 0.93345 0.913854 0.923548 2.7732 0.0772798 2.99763e+07
Coco 80000 0.942461 0.835605 0.885822 30.4105 0.420442 4.96499e+06
USS 80000 0.972346 0.555954 0.707426 22.1435 0.497582 1.65456e+06
SPAO 90000 0.938553 0.90853 0.923298 2.80744 0.0577787 3.3017e+07
HSSO 90000 0.938077 0.909847 0.923746 3.14596 0.0667745 3.55804e+07
PLNO 90000 0.936486 0.908244 0.922149 2.3212 0.053007 2.86797e+07
Hyper 90000 0.930583 0.919815 0.925168 2.35605 0.0450713 2.79719e+07
Coco 90000 0.938792 0.868101 0.902064 29.0981 0.63902 4.79639e+06
USS 90000 0.972103 0.560956 0.711397 19.535 0.428117 1.76115e+06
SPAO 100000 0.933617 0.915145 0.924289 1.7819 0.0434869 3.09953e+07
HSSO 100000 0.937309 0.912334 0.924653 1.47816 0.0384827 3.39494e+07
PLNO 100000 0.93157 0.918277 0.924876 3.94518 0.0641508 2.84979e+07
Hyper 100000 0.935543 0.917923 0.926649 1.61097 0.0316755 2.4401e+07
Coco 100000 0.934456 0.873479 0.902939 16.8641 0.344835 5.19953e+06
USS 100000 0.970619 0.584352 0.72951 18.3258 0.481302 1.71275e+06
SPAO 200000 0.931659 0.930865 0.931261 0.148808 0.00564976 3.27439e+07
HSSO 200000 0.930459 0.931075 0.930767 0.192796 0.00767755 3.88206e+07
PLNO 200000 0.931886 0.929585 0.930734 0.594394 0.0140039 3.05731e+07
Hyper 200000 0.932004 0.930342 0.931172 0.667981 0.0111551 3.11975e+07
Coco 200000 0.930405 0.915715 0.923002 10.9295 0.133637 5.93799e+06
USS 200000 0.958523 0.681347 0.796511 13.4119 0.26842 1.98813e+06
SPAO 300000 0.931541 0.931435 0.931488 0.140855 0.00267794 3.28343e+07
HSSO 300000 0.931557 0.931553 0.931555 0.179253 0.00515914 3.42645e+07
PLNO 300000 0.931853 0.930598 0.931225 0.212264 0.00574763 2.30346e+07
Hyper 300000 0.931693 0.930488 0.93109 0.194685 0.00520034 2.99536e+07
Coco 300000 0.927148 0.928169 0.927658 3.01939 0.0647571 6.28881e+06
USS 300000 0.950153 0.786446 0.860583 9.24753 0.175914 2.25806e+06
SPAO 400000 0.93167 0.93167 0.93167 0 0 3.37077e+07
HSSO 400000 0.93167 0.93167 0.93167 0 0 3.30985e+07
PLNO 400000 0.93184 0.931125 0.931482 0.222077 0.00324597 2.41122e+07
Hyper 400000 0.931219 0.931162 0.931191 0.113127 0.00681066 2.8227e+07
Coco 400000 0.931073 0.930886 0.93098 0.99151 0.0198266 6.33873e+06
USS 400000 0.944752 0.799319 0.865972 4.8399 0.0701066 2.31596e+06
SPAO 500000 0.931656 0.931502 0.931579 0.0407113 0.00251231 3.42167e+07
HSSO 500000 0.931648 0.931493 0.931571 0.242736 0.00298321 3.76631e+07
PLNO 500000 0.931614 0.93136 0.931487 0.0818785 0.00178162 2.42729e+07
Hyper 500000 0.931679 0.931653 0.931666 0.0175802 0.00038614 2.50532e+07
Coco 500000 0.932918 0.929209 0.93106 0.79627 0.0220641 6.18893e+06
USS 500000 0.918114 0.906494 0.912267 5.66692 0.0807352 2.35246e+06
SPAO 600000 0.93167 0.93167 0.93167 0 0 3.73623e+07
HSSO 600000 0.93167 0.93167 0.93167 0 0 4.00907e+07
PLNO 600000 0.931752 0.93133 0.931541 0.115676 0.00200346 2.96134e+07
Hyper 600000 0.931277 0.93167 0.931473 0.0199692 0.000413087 3.14188e+07
Coco 600000 0.931451 0.930664 0.931058 0.459757 0.0105787 5.2598e+06
USS 600000 0.915088 0.927395 0.9212 1.37718 0.0194483 2.53086e+06
SPAO 700000 0.93167 0.93167 0.93167 0 0 3.62216e+07
HSSO 700000 0.93167 0.93167 0.93167 0 0 4.20785e+07
PLNO 700000 0.93167 0.93167 0.93167 0.00735353 0.000290144 3.01497e+07
Hyper 700000 0.931684 0.931556 0.93162 0.0210664 0.000231412 2.98908e+07
Coco 700000 0.931696 0.93149 0.931593 0.125453 0.00421959 5.63537e+06
USS 700000 0.93167 0.93167 0.93167 0.118702 0.00139662 2.40777e+06
SPAO 800000 0.93167 0.93167 0.93167 0 0 3.58658e+07
HSSO 800000 0.93167 0.93167 0.93167 0 0 4.02027e+07
PLNO 800000 0.93168 0.931628 0.931654 0.113025 0.002546 3.16811e+07
Hyper 800000 0.931736 0.931431 0.931583 0.0066805 0.000148653 2.96038e+07
Coco 800000 0.931533 0.931405 0.931469 0.231881 0.00388154 5.9193e+06
USS 800000 0.93167 0.93167 0.93167 0 0 2.38966e+06
SPAO 900000 0.93167 0.93167 0.93167 0 0 3.57748e+07
HSSO 900000 0.93167 0.93167 0.93167 0 0 4.07987e+07
PLNO 900000 0.931679 0.931653 0.931666 0.0380911 0.000522313 3.13139e+07
Hyper 900000 0.93167 0.93167 0.93167 0 0 3.06498e+07
Coco 900000 0.931671 0.931388 0.93153 0.165811 0.0080614 6.18901e+06
USS 900000 0.93167 0.93167 0.93167 0 0 2.54893e+06
SPAO 1000000 0.931671 0.931645 0.931658 0.0158815 0.000320903 3.64756e+07
HSSO 1000000 0.931671 0.931645 0.931658 0.0310908 0.000388858 4.09688e+07
PLNO 1000000 0.93167 0.93167 0.93167 0 0 3.16132e+07
Hyper 1000000 0.93167 0.93167 0.93167 0 0 3.36159e+07
Coco 1000000 0.931801 0.93128 0.93154 0.117685 0.00208252 6.41894e+06
USS 1000000 0.93167 0.93167 0.93167 0 0 2.63811e+06
