SPAO 10000 0.936975 0.0634604 0.11887 3317.57 0.426446 1.67295e+07
HSSO 10000 0.952731 0.0645276 0.120869 3496.96 0.613807 1.71431e+07
PLNO 10000 0.940126 0.0636739 0.11927 3789.38 0.50618 1.43679e+07
Hyper 10000 0.94246 0.0675868 0.126129 4955.69 0.624544 1.03413e+07
Coco 10000 0.991758 0.025683 0.0500693 1040.41 0.771571 1.42338e+06
USS 10000 0.940476 0.00562038 0.011174 4681.24 0.882301 484097
SPAO 20000 0.942227 0.127632 0.224812 1615 0.466031 1.74126e+07
HSSO 20000 0.945903 0.12813 0.225689 3017.19 0.460138 1.83578e+07
PLNO 20000 0.928046 0.125711 0.221429 3775.03 0.465996 1.47241e+07
Hyper 20000 0.946673 0.137664 0.240373 2176.84 0.332647 1.26534e+07
Coco 20000 0.97619 0.0525043 0.0996489 1694.84 0.677417 1.55662e+06
USS 20000 0.97619 0.0116676 0.0230596 2448.93 0.840697 486485
SPAO 30000 0.936625 0.19031 0.316343 2085.3 0.275663 2.12609e+07
HSSO 30000 0.938025 0.190595 0.316816 2617.12 0.255513 2.09613e+07
PLNO 30000 0.929958 0.190808 0.316647 2340.81 0.344053 1.73892e+07
Hyper 30000 0.930844 0.20397 0.334617 2739.62 0.336806 1.51703e+07
Coco 30000 0.974739 0.0796101 0.147198 1819.63 0.678401 1.62659e+06
USS 30000 0.992481 0.018782 0.0368664 1168.87 0.820416 477411
SPAO 40000 0.934611 0.253201 0.398455 1354.11 0.30258 2.15859e+07
HSSO 40000 0.932773 0.252703 0.397671 1548.07 0.242852 2.19918e+07
PLNO 40000 0.930665 0.253059 0.397919 1734.2 0.345006 1.8281e+07
Hyper 40000 0.928815 0.271059 0.41965 1609.25 0.313944 1.7207e+07
Coco 40000 0.976623 0.107001 0.19287 1570.26 0.684254 1.69863e+06
USS 40000 0.985714 0.0245447 0.0478967 1135.93 0.748107 476116
SPAO 50000 0.924834 0.316875 0.472022 1546.67 0.219331 2.22306e+07
HSSO 50000 0.915905 0.313816 0.467465 1297.47 0.181268 2.29804e+07
PLNO 50000 0.919118 0.311255 0.46503 1324.65 0.213562 1.83836e+07
Hyper 50000 0.918228 0.334732 0.490615 1361.54 0.202916 1.79387e+07
Coco 50000 0.968944 0.133182 0.234176 1752.37 0.68889 1.58603e+06
USS 50000 0.982143 0.0313034 0.0606729 1298.15 0.762653 477841
SPAO 60000 0.915505 0.373862 0.530915 891.888 0.167858 2.39997e+07
HSSO 60000 0.91936 0.376352 0.534074 891.371 0.142163 2.44944e+07
PLNO 60000 0.922383 0.371158 0.529322 1057.66 0.190317 1.96416e+07
Hyper 60000 0.918861 0.397197 0.554639 991.374 0.196869 1.87398e+07
Coco 60000 0.966867 0.159861 0.274359 1386.28 0.787598 1.69357e+06
USS 60000 0.984962 0.0372795 0.0718399 1248.2 0.684491 495389
SPAO 70000 0.915406 0.43035 0.585463 778.461 0.214414 2.42276e+07
HSSO 70000 0.907923 0.422311 0.576479 886.327 0.166019 2.42985e+07
PLNO 70000 0.918672 0.429141 0.585006 992.535 0.228842 2.01766e+07
Hyper 70000 0.918595 0.451978 0.605855 714.153 0.161962 1.8811e+07
Coco 70000 0.964654 0.186397 0.312425 1636.5 0.571912 1.68428e+06
USS 70000 0.982143 0.0430421 0.08247 1465.11 0.707428 492469
SPAO 80000 0.915128 0.479439 0.629225 834.926 0.162614 2.4872e+07
HSSO 80000 0.908707 0.475171 0.624031 751.502 0.116473 2.57076e+07
PLNO 80000 0.907913 0.478372 0.626596 748.687 0.169699 2.18622e+07
Hyper 80000 0.907638 0.508964 0.652202 476.743 0.128843 2.12919e+07
Coco 80000 0.960425 0.212365 0.347821 1776.17 0.595542 1.70028e+06
USS 80000 0.985994 0.0500854 0.0953284 1495.57 0.676261 513682
SPAO 90000 0.908846 0.527746 0.667747 481.246 0.11732 2.69164e+07
HSSO 90000 0.902454 0.528529 0.666637 592.125 0.111294 2.83609e+07
PLNO 90000 0.916316 0.526608 0.668835 677.767 0.163123 2.307e+07
Hyper 90000 0.903896 0.544678 0.679748 545.436 0.101598 2.20161e+07
Coco 90000 0.945714 0.235487 0.377079 1670.92 0.575279 1.85812e+06
USS 90000 0.967419 0.0549232 0.103945 1020.23 0.685141 522302
SPAO 100000 0.913882 0.579824 0.709498 400.356 0.0896644 2.74138e+07
HSSO 100000 0.908292 0.573563 0.703122 553.76 0.114419 2.9391e+07
PLNO 100000 0.909101 0.571357 0.701704 433.068 0.11548 2.29325e+07
Hyper 100000 0.904082 0.598819 0.720449 427.363 0.0881002 2.16122e+07
Coco 100000 0.945393 0.259889 0.407701 1349.53 0.576209 1.75597e+06
USS 100000 0.981027 0.0625356 0.117576 1507.59 0.685794 516739
SPAO 200000 0.899506 0.803643 0.848877 85.2056 0.025103 2.97064e+07
HSSO 200000 0.904762 0.805635 0.852326 121.358 0.0401922 3.19874e+07
PLNO 200000 0.90008 0.79788 0.845904 173.392 0.0382141 2.592e+07
Hyper 200000 0.905894 0.815666 0.858416 112.239 0.043688 2.52587e+07
Coco 200000 0.925094 0.492032 0.642393 971.053 0.351812 1.89689e+06
USS 200000 0.977121 0.124573 0.220974 1609.72 0.566722 574088
SPAO 300000 0.904107 0.883395 0.893631 26.0008 0.0130526 3.15584e+07
HSSO 300000 0.906245 0.88368 0.89482 14.8391 0.0114544 3.31718e+07
PLNO 300000 0.905035 0.864471 0.884288 82.1676 0.015249 2.70579e+07
Hyper 300000 0.902955 0.865182 0.883665 23.5807 0.00997548 2.64354e+07
Coco 300000 0.906647 0.650185 0.757292 750.645 0.222709 2.06115e+06
USS 300000 0.967262 0.184974 0.310559 1219.68 0.543335 633055
SPAO 400000 0.907593 0.889513 0.898462 39.0358 0.00237763 3.24771e+07
HSSO 400000 0.907572 0.888589 0.89798 34.0125 0.00829212 3.39586e+07
PLNO 400000 0.903491 0.876494 0.889788 17.3228 0.00390286 2.82481e+07
Hyper 400000 0.904133 0.887023 0.895497 14.3377 0.00680544 2.77156e+07
Coco 400000 0.899221 0.738902 0.811216 445.377 0.20824 2.11481e+06
USS 400000 0.961775 0.245233 0.390816 1039.67 0.474997 692784
SPAO 500000 0.906505 0.900185 0.903334 1.24593 0.00273941 3.21894e+07
HSSO 500000 0.907322 0.899189 0.903237 1.09827 0.00213463 3.40223e+07
PLNO 500000 0.906223 0.897197 0.901687 10.8428 0.0043223 2.82015e+07
Hyper 500000 0.905867 0.894138 0.899964 20.8485 0.00531976 2.76394e+07
Coco 500000 0.90553 0.810828 0.855566 350.482 0.102151 2.15291e+06
USS 500000 0.956696 0.304923 0.462451 1083.2 0.443329 733086
SPAO 600000 0.906451 0.903742 0.905094 4.28308 0.000203469 3.2488e+07
HSSO 600000 0.905546 0.903742 0.904643 2.61759 0.00143717 3.39303e+07
PLNO 600000 0.907129 0.8999 0.9035 3.23644 0.00191206 2.74852e+07
Hyper 600000 0.906295 0.897268 0.901759 17.058 0.00514983 2.6853e+07
Coco 600000 0.901776 0.83082 0.864845 200.324 0.0730502 2.1866e+06
USS 600000 0.952195 0.364186 0.526863 951.29 0.3803 789409
SPAO 700000 0.907643 0.904027 0.905831 1.98463 0.000774328 3.28242e+07
HSSO 700000 0.907643 0.904027 0.905831 0.308385 0.000270345 3.51895e+07
PLNO 700000 0.905763 0.901252 0.903502 1.55094 0.00136535 2.80463e+07
Hyper 700000 0.907022 0.904311 0.905664 0.0530496 2.10406e-05 2.84116e+07
Coco 700000 0.901711 0.855009 0.877739 261.595 0.0679142 2.11673e+06
USS 700000 0.948182 0.423093 0.585104 1048.22 0.322901 816324
SPAO 800000 0.907164 0.904454 0.905807 0.117621 7.51908e-05 3.24515e+07
HSSO 800000 0.907164 0.904454 0.905807 3.74458 0.00040036 3.52173e+07
PLNO 800000 0.906599 0.901181 0.903882 1.90423 0.00352533 2.88076e+07
Hyper 800000 0.907043 0.905236 0.906139 2.25935 0.000821766 2.85954e+07
Coco 800000 0.902751 0.873079 0.887667 97.446 0.0480854 2.20708e+06
USS 800000 0.942662 0.48072 0.636732 859.906 0.295222 812933
SPAO 900000 0.906993 0.90609 0.906541 0.070931 0.00043947 3.35357e+07
HSSO 900000 0.906993 0.90609 0.906541 0.0511654 0.00304121 3.54878e+07
PLNO 900000 0.905643 0.902035 0.903835 0.270297 0.000117481 2.91075e+07
Hyper 900000 0.907207 0.906303 0.906755 0.0162356 0.000142941 2.86176e+07
Coco 900000 0.904615 0.878486 0.891359 96.5835 0.0371393 2.31872e+06
USS 900000 0.939236 0.538845 0.68481 689.542 0.258891 831133
SPAO 1000000 0.906944 0.906944 0.906944 1.66344 0.00210611 3.35631e+07
HSSO 1000000 0.906851 0.905948 0.906399 0.0458762 5.39096e-05 3.58493e+07
PLNO 1000000 0.906041 0.906944 0.906492 0.34142 0.000227516 2.89566e+07
Hyper 1000000 0.906829 0.905023 0.905925 2.0348 0.000349348 2.80809e+07
Coco 1000000 0.90675 0.886881 0.896706 90.1688 0.0234923 2.28326e+06
USS 1000000 0.933697 0.596116 0.72766 691.118 0.251943 851287
