SPAO 10000 0.952731 0.0645276 0.120869 3227.3 0.535727 1.59964e+07
HSSO 10000 0.945378 0.0640296 0.119936 4771.4 0.497965 1.5567e+07
PLNO 10000 0.946429 0.0641007 0.120069 2458.02 0.501098 1.42844e+07
Hyper 10000 0.954365 0.0684405 0.127722 2484.24 0.450688 1.02772e+07
Coco 10000 0.986264 0.0255407 0.049792 1545.15 0.979839 1.45899e+06
USS 10000 1 0.0059761 0.0118812 505.232 0.863411 476943
SPAO 20000 0.939601 0.127277 0.224185 3415.27 0.438028 1.96508e+07
HSSO 20000 0.930147 0.125996 0.22193 3213.68 0.357194 1.92365e+07
PLNO 20000 0.940651 0.127419 0.224436 4101.39 0.388531 1.66217e+07
Hyper 20000 0.930528 0.135316 0.236273 4164.04 0.362396 1.32029e+07
Coco 20000 0.97619 0.0525043 0.0996489 1525.06 0.709127 1.56717e+06
USS 20000 0.97619 0.0116676 0.0230596 1146.11 0.889217 487365
SPAO 30000 0.935924 0.190168 0.316107 2386.27 0.325495 2.09009e+07
HSSO 30000 0.942577 0.19152 0.318354 2170.8 0.260552 2.07138e+07
PLNO 30000 0.941401 0.193156 0.320543 2827.28 0.305171 1.74182e+07
Hyper 30000 0.934416 0.204752 0.335901 2629.28 0.391166 1.49432e+07
Coco 30000 0.972997 0.0794678 0.146935 2092.36 0.693671 1.60867e+06
USS 30000 0.988722 0.0187109 0.0367267 779.164 0.803208 478006
SPAO 40000 0.930672 0.252134 0.396776 1747.17 0.228479 2.19898e+07
HSSO 40000 0.932773 0.252703 0.397671 1444.79 0.217381 2.2383e+07
PLNO 40000 0.92831 0.252419 0.396912 1864.27 0.28592 1.83036e+07
Hyper 40000 0.924927 0.270845 0.418996 2916.46 0.270895 1.77211e+07
Coco 40000 0.974026 0.106716 0.192357 1493.84 0.665516 1.60642e+06
USS 40000 0.971429 0.024189 0.0472026 1574.65 0.774393 471108
SPAO 50000 0.926703 0.317516 0.472976 1424.63 0.298729 2.17433e+07
HSSO 50000 0.932309 0.319437 0.475837 1192.72 0.257707 2.17428e+07
PLNO 50000 0.928782 0.313603 0.468886 1168.51 0.23648 1.84388e+07
Hyper 50000 0.925628 0.335586 0.492586 1430.09 0.255214 1.74897e+07
Coco 50000 0.971532 0.133537 0.234801 1627.73 0.719733 1.6087e+06
USS 50000 0.982143 0.0313034 0.0606729 2165.8 0.845146 476141
SPAO 60000 0.928571 0.380122 0.539425 1135.95 0.229133 2.42586e+07
HSSO 60000 0.920229 0.376707 0.534578 1128.33 0.197874 2.52327e+07
PLNO 60000 0.920792 0.370518 0.528409 1262.14 0.218642 1.9873e+07
Hyper 60000 0.922976 0.398976 0.557123 1106.78 0.203324 1.89899e+07
Coco 60000 0.967298 0.159932 0.274481 1498.99 0.618745 1.73878e+06
USS 60000 0.983083 0.0372083 0.0717028 1045.04 0.67761 491184
SPAO 70000 0.910373 0.427077 0.581404 946.651 0.16676 2.59022e+07
HSSO 70000 0.913772 0.430492 0.58526 1079.21 0.150272 2.69032e+07
PLNO 70000 0.912006 0.426935 0.581605 923.477 0.220158 2.19615e+07
Hyper 70000 0.920892 0.452191 0.606546 822.138 0.180707 2.00887e+07
Coco 70000 0.962813 0.186042 0.311829 1582.9 0.575044 1.67921e+06
USS 70000 0.982143 0.0430421 0.08247 1461.35 0.671553 483087
SPAO 80000 0.914449 0.479084 0.628758 767.224 0.152967 2.49428e+07
HSSO 80000 0.910409 0.477874 0.626761 747.483 0.140253 2.661e+07
PLNO 80000 0.909668 0.479297 0.627807 785.375 0.117624 2.21731e+07
Hyper 80000 0.908474 0.504909 0.649076 746.441 0.146423 2.15994e+07
Coco 80000 0.962677 0.212863 0.348637 1611.8 0.58232 1.71682e+06
USS 80000 0.981793 0.0498719 0.0949221 1319.24 0.673649 516945
SPAO 90000 0.909402 0.52988 0.669604 656.815 0.114395 2.59788e+07
HSSO 90000 0.901024 0.525896 0.664151 445.404 0.102347 2.77343e+07
PLNO 90000 0.91743 0.527248 0.669649 639.744 0.121676 2.25533e+07
Hyper 90000 0.91042 0.549516 0.685359 503.795 0.141045 2.25236e+07
Coco 90000 0.958571 0.238688 0.382206 1636.83 0.638078 1.81352e+06
USS 90000 0.981203 0.0557057 0.105426 1285.37 0.668071 524949
SPAO 100000 0.915079 0.574203 0.70563 452.214 0.103402 2.69464e+07
HSSO 100000 0.912158 0.573278 0.704063 503.121 0.110641 2.85934e+07
PLNO 100000 0.908419 0.577262 0.705934 654.021 0.121307 2.2643e+07
Hyper 100000 0.905405 0.600598 0.722156 498.47 0.0896112 2.15805e+07
Coco 100000 0.954193 0.262308 0.411496 1106.16 0.534314 1.70224e+06
USS 100000 0.982143 0.0626067 0.11771 1505 0.670452 528891
SPAO 200000 0.901756 0.803856 0.849996 89.3689 0.0257379 2.95217e+07
HSSO 200000 0.904735 0.80471 0.851796 35.308 0.0262053 3.12437e+07
PLNO 200000 0.90436 0.799872 0.848913 122.832 0.0331039 2.55332e+07
Hyper 200000 0.907502 0.808978 0.855413 92.3102 0.0322336 2.52769e+07
Coco 200000 0.923221 0.491036 0.641092 931.513 0.350999 1.89132e+06
USS 200000 0.972656 0.124004 0.219965 1711.56 0.576549 594907
SPAO 300000 0.904252 0.883537 0.893775 26.5851 0.00973082 3.12318e+07
HSSO 300000 0.90277 0.88119 0.891849 17.1801 0.0113967 3.32168e+07
PLNO 300000 0.905234 0.863759 0.88401 92.4009 0.0172712 2.73558e+07
Hyper 300000 0.905453 0.86938 0.88705 33.2154 0.016965 2.64803e+07
Coco 300000 0.912522 0.655307 0.762816 673.404 0.220394 1.9681e+06
USS 300000 0.97061 0.185615 0.311634 1024.81 0.541787 634414
SPAO 400000 0.907853 0.891577 0.899641 2.87723 0.00408807 3.1596e+07
HSSO 400000 0.907687 0.890509 0.899016 9.25538 0.00560236 3.30105e+07
PLNO 400000 0.905965 0.875285 0.89036 11.6497 0.00711506 2.67381e+07
Hyper 400000 0.906259 0.890011 0.898062 33.1418 0.00751207 2.76191e+07
Coco 400000 0.897639 0.741178 0.81194 491.087 0.177106 2.06099e+06
USS 400000 0.965402 0.246158 0.39229 1143.25 0.472088 696548
SPAO 500000 0.906555 0.899331 0.902929 1.37781 0.00295757 3.30624e+07
HSSO 500000 0.906268 0.899047 0.902643 0.724904 0.00195287 3.47353e+07
PLNO 500000 0.906416 0.896485 0.901424 9.68929 0.0026664 2.8137e+07
Hyper 500000 0.905723 0.893995 0.899821 11.1154 0.00651883 2.71371e+07
Coco 500000 0.900816 0.801224 0.848106 245.494 0.10066 2.16263e+06
USS 500000 0.954464 0.304212 0.461372 1140.43 0.45556 716564
SPAO 600000 0.9075 0.903884 0.905689 8.12073 0.00341432 3.23508e+07
HSSO 600000 0.907357 0.903742 0.905546 4.37407 0.00161722 3.41605e+07
PLNO 600000 0.907179 0.899047 0.903094 5.86169 0.00224585 2.80592e+07
Hyper 600000 0.907114 0.896272 0.90166 6.81178 0.00213712 2.73261e+07
Coco 600000 0.902675 0.830748 0.865219 242.095 0.0795631 2.22352e+06
USS 600000 0.949777 0.363261 0.525525 1012.44 0.366217 773683
SPAO 700000 0.907643 0.904027 0.905831 0.170408 0.000305316 3.32552e+07
HSSO 700000 0.907643 0.904027 0.905831 3.86862 0.000196752 3.52411e+07
PLNO 700000 0.90667 0.901252 0.903953 3.18468 0.00155096 2.84063e+07
Hyper 700000 0.906829 0.905023 0.905925 1.93608 0.000415371 2.8654e+07
Coco 700000 0.899925 0.856005 0.877416 247.185 0.0770661 2.24021e+06
USS 700000 0.94882 0.423378 0.585498 906.927 0.350307 811818
SPAO 800000 0.907022 0.904311 0.905664 2.22734 0.0012861 3.10012e+07
HSSO 800000 0.907164 0.904454 0.905807 0.117621 7.51908e-05 3.29595e+07
PLNO 800000 0.906985 0.899758 0.903357 0.988089 0.000132873 2.67343e+07
Hyper 800000 0.907186 0.905378 0.906281 0.548225 0.000784715 2.66935e+07
Coco 800000 0.903417 0.876423 0.889715 147.207 0.0422601 2.22257e+06
USS 800000 0.945033 0.481929 0.638334 763.734 0.304988 849240
SPAO 900000 0.906993 0.90609 0.906541 0.0624184 0.00034819 3.40626e+07
HSSO 900000 0.906993 0.90609 0.906541 0.0516158 0.000266957 3.59706e+07
PLNO 900000 0.906643 0.903031 0.904833 0.283004 0.000889546 2.94096e+07
Hyper 900000 0.907207 0.906303 0.906755 0.105123 0.000391371 2.92781e+07
Coco 900000 0.906419 0.882043 0.894065 59.6231 0.0396759 2.29516e+06
USS 900000 0.937128 0.537635 0.683273 868.209 0.265326 823118
SPAO 1000000 0.906851 0.905948 0.906399 0.0458762 5.39096e-05 3.32029e+07
HSSO 1000000 0.906851 0.905948 0.906399 0.0123636 7.0465e-05 3.48962e+07
PLNO 1000000 0.906139 0.905236 0.905687 0.36497 0.000134029 2.8746e+07
Hyper 1000000 0.9069 0.905094 0.905996 1.15626 0.00167199 2.79437e+07
Coco 1000000 0.905808 0.883253 0.894388 55.301 0.023435 2.24263e+06
USS 1000000 0.931469 0.594693 0.725923 606.569 0.231491 825482
