SPAO 10000 0.969975 0.559432 0.709602 53.8148 0.409633 2.27589e+07
HSSO 10000 0.973507 0.561099 0.711888 55.8629 0.439989 2.4123e+07
PLNO 10000 0.974804 0.558849 0.710419 24.9016 0.336089 1.98433e+07
Hyper 10000 0.970825 0.582843 0.72839 37.5653 0.355036 1.81849e+07
Coco 10000 0.981627 0.47893 0.643769 36.1453 0.481803 4.34213e+06
USS 10000 0.980557 0.34986 0.515714 50.8743 16.64 1.2095e+06
SPAO 20000 0.959979 0.667307 0.787324 20.423 0.258412 2.48782e+07
HSSO 20000 0.959923 0.673371 0.79151 25.877 0.314243 2.63337e+07
PLNO 20000 0.959072 0.703495 0.811639 24.9751 0.39014 2.31417e+07
Hyper 20000 0.95348 0.737447 0.831663 22.7555 0.347873 2.22655e+07
Coco 20000 0.965066 0.572674 0.718806 49.1209 0.671276 4.8203e+06
USS 20000 0.984504 0.408034 0.576948 42.3417 0.553195 1.22422e+06
SPAO 30000 0.942067 0.7692 0.846902 15.5976 0.230133 2.71342e+07
HSSO 30000 0.951946 0.731393 0.827221 17.9091 0.221785 2.82363e+07
PLNO 30000 0.951948 0.738933 0.832023 16.8646 0.238887 2.37596e+07
Hyper 30000 0.945684 0.809229 0.872151 13.8242 0.266367 2.34427e+07
Coco 30000 0.959942 0.643645 0.7706 36.7574 0.667243 5.03561e+06
USS 30000 0.977657 0.441837 0.608618 34.2719 0.500392 1.36327e+06
SPAO 40000 0.944614 0.828275 0.882628 14.0186 0.191121 2.35637e+07
HSSO 40000 0.943385 0.818159 0.876321 11.4245 0.201134 2.71486e+07
PLNO 40000 0.947514 0.805467 0.870735 10.1812 0.154699 1.85242e+07
Hyper 40000 0.934264 0.863045 0.897243 10.5009 0.18086 1.86248e+07
Coco 40000 0.957333 0.726856 0.826325 32.3421 0.513257 4.94542e+06
USS 40000 0.98067 0.49007 0.653544 33.4106 0.531824 1.55722e+06
SPAO 50000 0.941837 0.865061 0.901818 7.8366 0.890842 2.7117e+07
HSSO 50000 0.939894 0.874685 0.906118 8.54346 0.185822 3.01355e+07
PLNO 50000 0.942011 0.86192 0.900187 7.41658 0.145447 2.4763e+07
Hyper 50000 0.938115 0.881064 0.908695 6.50491 0.123164 2.55513e+07
Coco 50000 0.949948 0.763177 0.846381 150.519 1.31007 3.95252e+06
USS 50000 0.973428 0.508588 0.668109 29.2677 0.456767 1.5379e+06
SPAO 60000 0.931473 0.890226 0.910383 5.87036 0.100413 3.20655e+07
HSSO 60000 0.93897 0.88578 0.9116 5.80958 0.102012 3.30157e+07
PLNO 60000 0.938593 0.887707 0.912441 7.58597 0.137523 2.70195e+07
Hyper 60000 0.934415 0.896398 0.915012 5.53063 0.100593 2.68799e+07
Coco 60000 0.94383 0.797506 0.86452 44.6108 0.68611 5.11663e+06
USS 60000 0.973573 0.521795 0.679439 26.431 1.20176 1.40122e+06
SPAO 70000 0.933152 0.900671 0.916624 4.51899 0.0820433 3.27723e+07
HSSO 70000 0.934604 0.904775 0.919448 3.10855 0.0748918 3.43258e+07
PLNO 70000 0.937962 0.895306 0.916137 4.63502 0.0862814 2.83007e+07
Hyper 70000 0.931391 0.903768 0.917371 3.95303 0.108133 2.83401e+07
Coco 70000 0.941856 0.823312 0.878604 35.1342 0.581247 5.09274e+06
USS 70000 0.977217 0.548174 0.702358 25.3957 0.424132 1.41873e+06
SPAO 80000 0.937384 0.905931 0.921389 3.50506 0.0758905 2.91882e+07
HSSO 80000 0.930548 0.909154 0.919727 3.22804 0.0735783 3.11285e+07
PLNO 80000 0.934621 0.899172 0.916554 6.07718 0.0996747 2.83015e+07
Hyper 80000 0.934248 0.91272 0.923359 3.53688 0.0671398 2.87471e+07
Coco 80000 0.939403 0.823965 0.877906 58.8194 0.66343 5.21927e+06
USS 80000 0.971866 0.545445 0.698736 25.1112 0.447401 1.68548e+06
SPAO 90000 0.938301 0.909893 0.923879 3.24068 0.100493 3.09527e+07
HSSO 90000 0.937516 0.911582 0.924367 3.27952 0.0651413 3.43769e+07
PLNO 90000 0.932511 0.907336 0.919751 3.51252 0.0625064 2.70977e+07
Hyper 90000 0.932349 0.91721 0.924718 1.93374 0.0399824 2.60302e+07
Coco 90000 0.936917 0.869536 0.90197 38.4667 0.420216 4.63766e+06
USS 90000 0.975604 0.551278 0.70448 25.064 0.388105 1.61949e+06
SPAO 100000 0.932539 0.914778 0.923573 1.30593 0.0312782 3.47051e+07
HSSO 100000 0.928713 0.917832 0.92324 2.48432 0.0439784 3.58193e+07
PLNO 100000 0.930611 0.916941 0.923726 2.76438 0.0623604 2.85968e+07
Hyper 100000 0.927212 0.921496 0.924345 2.26351 0.0403409 2.96684e+07
Coco 100000 0.937377 0.876874 0.906116 19.9479 0.418009 4.70086e+06
USS 100000 0.970317 0.582757 0.72818 21.7176 0.452313 1.76932e+06
SPAO 200000 0.931752 0.931263 0.931507 0.217447 0.00666176 3.45269e+07
HSSO 200000 0.930878 0.931147 0.931012 0.256831 0.0102642 3.82871e+07
PLNO 200000 0.931255 0.929055 0.930154 0.583213 0.0304837 2.89026e+07
Hyper 200000 0.931414 0.930311 0.930862 0.355089 0.00836581 2.87873e+07
Coco 200000 0.931261 0.916821 0.923985 9.07962 0.151706 5.06539e+06
USS 200000 0.959993 0.669023 0.788522 11.4758 0.187168 2.15509e+06
SPAO 300000 0.931557 0.931553 0.931555 0.0744413 0.00201571 3.51729e+07
HSSO 300000 0.931541 0.931435 0.931488 0.0497025 0.00118987 4.09873e+07
PLNO 300000 0.931828 0.930597 0.931212 0.38472 0.00716514 2.72821e+07
Hyper 300000 0.931802 0.930442 0.931121 0.19914 0.00483837 2.78086e+07
Coco 300000 0.923633 0.926474 0.925052 2.0328 0.0390065 5.60536e+06
USS 300000 0.950436 0.752315 0.83985 8.37119 0.120787 2.34584e+06
SPAO 400000 0.93167 0.93167 0.93167 0 0 3.53245e+07
HSSO 400000 0.93167 0.93167 0.93167 0 0 4.04132e+07
PLNO 400000 0.93184 0.931125 0.931482 0.0758156 0.00208232 2.89132e+07
Hyper 400000 0.931934 0.931192 0.931563 0.206606 0.00277648 2.58852e+07
Coco 400000 0.930108 0.93035 0.930229 0.824091 0.0192963 5.55302e+06
USS 400000 0.942069 0.835669 0.885685 6.44501 0.0911089 2.35703e+06
SPAO 500000 0.931648 0.931493 0.931571 0.172099 0.00204748 3.61559e+07
HSSO 500000 0.931685 0.931531 0.931608 0.0495748 0.00174873 4.05652e+07
PLNO 500000 0.931638 0.931486 0.931562 0.172205 0.00205512 3.06112e+07
Hyper 500000 0.931679 0.931653 0.931666 0.0142641 0.000360568 3.1958e+07
Coco 500000 0.932737 0.929499 0.931115 0.583929 0.0127989 5.65792e+06
USS 500000 0.927039 0.896192 0.911355 5.02126 0.0804017 2.34661e+06
SPAO 600000 0.93167 0.93167 0.93167 0 0 3.60575e+07
HSSO 600000 0.93167 0.93167 0.93167 0 0 4.06223e+07
PLNO 600000 0.931715 0.931561 0.931638 0.0968642 0.00223208 3.06634e+07
Hyper 600000 0.931149 0.93167 0.931409 0.0355841 0.00212114 3.13343e+07
Coco 600000 0.931459 0.930673 0.931066 0.505835 0.00888356 5.97817e+06
USS 600000 0.925299 0.927814 0.926555 1.09292 0.0194053 2.30337e+06
SPAO 700000 0.93167 0.93167 0.93167 0 0 3.76454e+07
HSSO 700000 0.93167 0.93167 0.93167 0 0 4.06794e+07
PLNO 700000 0.93167 0.93167 0.93167 0.00735353 0.000290144 3.04952e+07
Hyper 700000 0.931679 0.931653 0.931666 0.026139 0.000752641 3.09588e+07
Coco 700000 0.931703 0.931523 0.931613 0.089411 0.00243019 6.10764e+06
USS 700000 0.931854 0.931447 0.931651 0.0555067 0.00100756 2.25145e+06
SPAO 800000 0.93167 0.93167 0.93167 0 0 3.62819e+07
HSSO 800000 0.93167 0.93167 0.93167 0 0 4.1332e+07
PLNO 800000 0.93168 0.931628 0.931654 0.0587013 0.00148964 3.0643e+07
Hyper 800000 0.931864 0.931431 0.931647 0.00739976 0.000100326 2.95978e+07
Coco 800000 0.931556 0.931556 0.931556 0.244573 0.00314545 6.18164e+06
USS 800000 0.93167 0.93167 0.93167 0 0 2.17917e+06
SPAO 900000 0.93167 0.93167 0.93167 0 0 3.61668e+07
HSSO 900000 0.93167 0.93167 0.93167 0 0 4.06952e+07
PLNO 900000 0.93167 0.93167 0.93167 0.0126886 0.000322822 3.13421e+07
Hyper 900000 0.93167 0.93167 0.93167 0 0 3.17644e+07
Coco 900000 0.931514 0.931204 0.931359 0.266509 0.00402454 6.4079e+06
USS 900000 0.93167 0.93167 0.93167 0 0 2.19926e+06
SPAO 1000000 0.931671 0.931645 0.931658 0.0158815 0.000320903 3.64096e+07
HSSO 1000000 0.931679 0.931653 0.931666 0.021766 0.000361137 4.09705e+07
PLNO 1000000 0.93167 0.93167 0.93167 0 0 3.15087e+07
Hyper 1000000 0.93167 0.93167 0.93167 0 0 3.17978e+07
Coco 1000000 0.931637 0.931511 0.931574 0.181815 0.00334175 6.21482e+06
USS 1000000 0.93167 0.93167 0.93167 0 0 2.17765e+06
