SPAO 10000 0.970438 0.56612 0.715084 43.8481 0.476339 2.05831e+07
HSSO 10000 0.974016 0.570606 0.719632 34.8309 0.373856 2.34144e+07
PLNO 10000 0.97199 0.563618 0.713503 49.8593 0.981118 1.96556e+07
Hyper 10000 0.966289 0.58734 0.7306 33.5106 0.402341 1.92193e+07
Coco 10000 0.976536 0.496018 0.657876 39.2615 0.565043 4.47557e+06
USS 10000 0.99366 0.321605 0.485934 49.7529 0.661543 1.20324e+06
SPAO 20000 0.960627 0.673953 0.792152 24.6998 0.398392 1.99185e+07
HSSO 20000 0.960865 0.673688 0.79205 34.5107 0.41636 2.71377e+07
PLNO 20000 0.959291 0.697496 0.80771 16.8142 0.251441 2.26929e+07
Hyper 20000 0.954247 0.718387 0.819688 21.3817 0.359515 2.23626e+07
Coco 20000 0.966376 0.594425 0.736081 31.3216 0.554941 4.85671e+06
USS 20000 0.988665 0.396348 0.565851 39.2258 0.557278 1.36966e+06
SPAO 30000 0.949859 0.774392 0.853197 15.9263 0.351588 2.56222e+07
HSSO 30000 0.950842 0.737542 0.830718 15.2834 0.201282 2.35732e+07
PLNO 30000 0.944911 0.732551 0.825289 17.406 0.205514 1.94976e+07
Hyper 30000 0.943365 0.79851 0.864915 12.7813 0.222501 1.83208e+07
Coco 30000 0.959933 0.660064 0.782245 35.6032 0.686392 4.0895e+06
USS 30000 0.987811 0.44485 0.613442 42.1566 0.531895 1.50564e+06
SPAO 40000 0.93478 0.810096 0.867983 13.169 0.294163 2.71813e+07
HSSO 40000 0.9423 0.842209 0.889448 9.52142 0.201069 2.80155e+07
PLNO 40000 0.943095 0.803872 0.867936 10.3773 0.162461 2.12529e+07
Hyper 40000 0.933521 0.84585 0.887526 8.83942 0.139341 2.46592e+07
Coco 40000 0.956625 0.687713 0.80018 31.149 0.574935 4.38049e+06
USS 40000 0.976871 0.480509 0.644163 31.9656 0.54575 1.45234e+06
SPAO 50000 0.941136 0.869347 0.903818 10.5014 0.241857 3.00954e+07
HSSO 50000 0.938974 0.861634 0.898643 5.94086 0.112054 3.21357e+07
PLNO 50000 0.940249 0.855213 0.895717 10.3262 0.276006 2.72657e+07
Hyper 50000 0.932895 0.886721 0.909222 8.60409 0.153478 2.61028e+07
Coco 50000 0.942217 0.781009 0.854072 45.9316 0.882564 4.88146e+06
USS 50000 0.97516 0.510976 0.670576 26.0497 0.674586 1.36753e+06
SPAO 60000 0.939966 0.885607 0.911977 4.68528 0.100589 3.10479e+07
HSSO 60000 0.938565 0.888639 0.91292 6.18693 0.127285 3.29733e+07
PLNO 60000 0.936839 0.880378 0.907731 5.7652 0.0999692 2.75662e+07
Hyper 60000 0.934241 0.900078 0.916841 5.53947 0.117815 2.7925e+07
Coco 60000 0.94571 0.786076 0.858536 83.7794 0.975521 5.35659e+06
USS 60000 0.978224 0.511829 0.672034 29.9207 0.454049 1.39176e+06
SPAO 70000 0.931748 0.904225 0.91778 5.81731 0.103838 2.83413e+07
HSSO 70000 0.931535 0.903331 0.917216 4.01094 0.152469 3.21288e+07
PLNO 70000 0.939063 0.888066 0.912853 5.66186 0.104639 2.62946e+07
Hyper 70000 0.937075 0.90277 0.919603 3.78849 0.0926922 2.73387e+07
Coco 70000 0.938051 0.822135 0.876276 23.7454 0.434751 4.96256e+06
USS 70000 0.981059 0.520497 0.680145 28.2019 0.519433 1.66922e+06
SPAO 80000 0.936957 0.904951 0.920676 3.91573 0.0758701 3.07442e+07
HSSO 80000 0.931843 0.906376 0.918933 2.74622 0.0525325 3.34793e+07
PLNO 80000 0.93775 0.90033 0.918659 3.30434 0.0820246 2.62781e+07
Hyper 80000 0.932781 0.913837 0.923212 3.35594 0.0686112 2.67493e+07
Coco 80000 0.936077 0.821618 0.875121 22.7176 0.439694 4.46342e+06
USS 80000 0.970035 0.56729 0.715907 25.6495 0.47777 1.62842e+06
SPAO 90000 0.937149 0.90984 0.923292 2.82352 0.0787304 3.25539e+07
HSSO 90000 0.930077 0.915629 0.922797 3.13669 0.0698246 3.53112e+07
PLNO 90000 0.927393 0.914122 0.920709 3.08591 0.0677337 2.82801e+07
Hyper 90000 0.931145 0.915677 0.923346 3.21113 0.142229 2.79543e+07
Coco 90000 0.93672 0.86615 0.900054 25.9344 0.403833 4.79508e+06
USS 90000 0.972834 0.576333 0.723843 22.7171 0.450324 1.73725e+06
SPAO 100000 0.92783 0.917409 0.92259 2.05508 0.0508221 3.28679e+07
HSSO 100000 0.932983 0.913793 0.923288 2.42009 0.0510534 3.59112e+07
PLNO 100000 0.930434 0.918109 0.92423 2.41241 0.054271 2.81394e+07
Hyper 100000 0.932911 0.92215 0.9275 1.17715 0.0331038 2.64961e+07
Coco 100000 0.932737 0.875591 0.903261 24.0253 0.383146 4.85288e+06
USS 100000 0.969031 0.58485 0.729448 18.5939 0.446932 1.78314e+06
SPAO 200000 0.931639 0.93105 0.931344 0.247153 0.00719557 2.93466e+07
HSSO 200000 0.931279 0.931322 0.9313 0.151101 0.00757808 3.29951e+07
PLNO 200000 0.932061 0.929108 0.930582 0.622566 0.0194662 2.4511e+07
Hyper 200000 0.931752 0.929721 0.930735 0.41932 0.011072 3.18533e+07
Coco 200000 0.934244 0.916323 0.925197 7.47952 0.114388 5.98092e+06
USS 200000 0.958325 0.67327 0.790897 13.1574 0.269918 2.03646e+06
SPAO 300000 0.931573 0.93157 0.931572 0.097743 0.00248837 2.88991e+07
HSSO 300000 0.931549 0.931444 0.931497 0.101997 0.00177158 3.82565e+07
PLNO 300000 0.931875 0.930518 0.931196 0.114464 0.00481294 3.11092e+07
Hyper 300000 0.932095 0.930228 0.931161 0.129989 0.00273654 3.15632e+07
Coco 300000 0.927486 0.927284 0.927385 1.75624 0.0394593 6.26594e+06
USS 300000 0.952109 0.7767 0.855506 8.95221 0.138185 2.19519e+06
SPAO 400000 0.93167 0.93167 0.93167 0 0 3.15553e+07
HSSO 400000 0.93167 0.93167 0.93167 0 0 3.75317e+07
PLNO 400000 0.93184 0.931125 0.931482 0.101321 0.00230139 2.93618e+07
Hyper 400000 0.931936 0.931297 0.931617 0.164739 0.00319314 2.35328e+07
Coco 400000 0.931218 0.930895 0.931056 1.17563 0.0223799 5.76959e+06
USS 400000 0.942781 0.836249 0.886325 5.76478 0.0879683 2.38558e+06
SPAO 500000 0.931685 0.931531 0.931608 0.0416546 0.00120806 3.62878e+07
HSSO 500000 0.931685 0.931531 0.931608 0.0605206 0.00118215 3.7525e+07
PLNO 500000 0.931614 0.93136 0.931487 0.0818722 0.0017815 2.71801e+07
Hyper 500000 0.931679 0.931653 0.931666 0.0204311 0.000526682 2.77599e+07
Coco 500000 0.932843 0.929109 0.930972 0.878967 0.0137184 5.54559e+06
USS 500000 0.927377 0.909754 0.918481 3.88625 0.0644274 2.47986e+06
SPAO 600000 0.93167 0.93167 0.93167 0 0 3.56039e+07
HSSO 600000 0.93167 0.93167 0.93167 0 0 4.19944e+07
PLNO 600000 0.931834 0.931414 0.931624 0.0254694 0.000876245 2.71057e+07
Hyper 600000 0.931149 0.93167 0.931409 0.0322466 0.00139002 2.79426e+07
Coco 600000 0.93199 0.930648 0.931318 0.576794 0.0118967 5.57733e+06
USS 600000 0.919801 0.924611 0.9222 0.941689 0.0173257 2.42786e+06
SPAO 700000 0.93167 0.93167 0.93167 0 0 3.63192e+07
HSSO 700000 0.93167 0.93167 0.93167 0 0 4.10999e+07
PLNO 700000 0.93167 0.93167 0.93167 0.00873246 0.000597377 3.01678e+07
Hyper 700000 0.931679 0.931653 0.931666 0.0121395 0.000178101 3.09913e+07
Coco 700000 0.931694 0.93154 0.931617 0.336067 0.00419878 5.95518e+06
USS 700000 0.93167 0.93167 0.93167 0.0412361 0.000738731 2.31096e+06
SPAO 800000 0.93167 0.93167 0.93167 0 0 3.65379e+07
HSSO 800000 0.93167 0.93167 0.93167 0 0 4.0489e+07
PLNO 800000 0.931663 0.931611 0.931637 0.160325 0.00373513 3.06858e+07
Hyper 800000 0.931864 0.931431 0.931647 0.00739976 0.000100326 3.00037e+07
Coco 800000 0.931621 0.931262 0.931441 0.156619 0.00340355 6.21445e+06
USS 800000 0.93167 0.93167 0.93167 0 0 2.29313e+06
SPAO 900000 0.93167 0.93167 0.93167 0 0 3.61022e+07
HSSO 900000 0.93167 0.93167 0.93167 0 0 4.25789e+07
PLNO 900000 0.93167 0.93167 0.93167 0.0136557 0.000325338 3.09298e+07
Hyper 900000 0.93167 0.93167 0.93167 0 0 3.08821e+07
Coco 900000 0.928389 0.931242 0.929813 0.401104 0.00688127 6.22721e+06
USS 900000 0.93167 0.93167 0.93167 0 0 2.28993e+06
SPAO 1000000 0.931671 0.931645 0.931658 0.0438291 0.000445803 3.7658e+07
HSSO 1000000 0.931679 0.931653 0.931666 0.035332 0.000740204 4.05695e+07
PLNO 1000000 0.93167 0.93167 0.93167 0 0 3.0874e+07
Hyper 1000000 0.93167 0.93167 0.93167 0 0 3.10203e+07
Coco 1000000 0.931801 0.93128 0.93154 0.0976604 0.00205782 6.21385e+06
USS 1000000 0.93167 0.93167 0.93167 0 0 2.47102e+06
