SPAO 10000 0.912829 0.138197 0.240052 53.2215 0.364974 2.27589e+07
HSSO 10000 0.914474 0.138446 0.240484 52.0621 0.359296 2.4123e+07
PLNO 10000 0.907895 0.13745 0.238754 34.3434 0.34083 1.98433e+07
Hyper 10000 0.910112 0.161355 0.274112 50.6321 0.367518 1.81849e+07
Coco 10000 0.926829 0.0756972 0.139963 46.6234 0.666231 4.34213e+06
USS 10000 0.947368 0.0179283 0.0351906 63.2668 37.121 1.2095e+06
SPAO 20000 0.871711 0.263944 0.405199 26.0193 0.277335 2.48782e+07
HSSO 20000 0.870888 0.263695 0.404817 27.4332 0.241845 2.63337e+07
PLNO 20000 0.868464 0.264691 0.405725 34.461 0.386096 2.31417e+07
Hyper 20000 0.85493 0.302291 0.446652 29.0007 0.262189 2.22655e+07
Coco 20000 0.888554 0.146912 0.252137 33.0953 0.607111 4.8203e+06
USS 20000 0.947368 0.0358566 0.0690979 51.2912 0.681421 1.22422e+06
SPAO 30000 0.837691 0.382968 0.525632 17.2966 0.16824 2.71342e+07
HSSO 30000 0.83952 0.382968 0.525992 21.2788 0.176005 2.82363e+07
PLNO 30000 0.845556 0.378984 0.523384 23.0741 0.242651 2.37596e+07
Hyper 30000 0.82164 0.414094 0.550662 17.7812 0.193315 2.34427e+07
Coco 30000 0.877 0.218376 0.349681 33.961 0.522048 5.03561e+06
USS 30000 0.938596 0.0532869 0.100848 41.2732 0.591831 1.36327e+06
SPAO 40000 0.811007 0.473357 0.597799 17.5909 0.127895 2.35637e+07
HSSO 40000 0.814957 0.474851 0.600063 13.5683 0.134441 2.71486e+07
PLNO 40000 0.82363 0.479084 0.605793 13.9649 0.130657 1.85242e+07
Hyper 40000 0.796212 0.523406 0.631611 11.7466 0.117809 1.86248e+07
Coco 40000 0.865559 0.285359 0.429213 26.5552 0.541884 4.94542e+06
USS 40000 0.950658 0.0719622 0.133796 39.5465 0.595611 1.55722e+06
SPAO 50000 0.806034 0.558765 0.66 9.00842 0.18805 2.7117e+07
HSSO 50000 0.796586 0.557769 0.656122 11.0239 0.0935525 3.01355e+07
PLNO 50000 0.808802 0.544572 0.650893 11.3836 0.117515 2.4763e+07
Hyper 50000 0.790621 0.596116 0.679727 7.91443 0.0798041 2.55513e+07
Coco 50000 0.836772 0.343376 0.486935 19.0226 0.36578 3.95252e+06
USS 50000 0.919271 0.0878984 0.160455 36.8336 0.623762 1.5379e+06
SPAO 60000 0.796489 0.61006 0.690919 8.57258 0.0702969 3.20655e+07
HSSO 60000 0.798701 0.61255 0.693348 7.96378 0.0742661 3.30157e+07
PLNO 60000 0.794444 0.605329 0.687111 7.71109 0.0826092 2.70195e+07
Hyper 60000 0.793157 0.640687 0.708815 4.93359 0.0621055 2.68799e+07
Coco 60000 0.824131 0.401394 0.539853 24.7357 0.332363 5.11663e+06
USS 60000 0.928261 0.106325 0.190795 32.541 1.31017 1.40122e+06
SPAO 70000 0.786305 0.663347 0.719611 5.69549 0.0677584 3.27723e+07
HSSO 70000 0.788235 0.667331 0.722762 3.83379 0.04415 3.43258e+07
PLNO 70000 0.789457 0.637699 0.70551 4.68815 0.0516759 2.83007e+07
Hyper 70000 0.78314 0.670817 0.722639 3.40941 0.0412324 2.83401e+07
Coco 70000 0.803667 0.44746 0.574856 17.8471 0.401054 5.09274e+06
USS 70000 0.927239 0.123755 0.218366 32.6609 0.534409 1.41873e+06
SPAO 80000 0.780286 0.68003 0.726716 3.3986 0.0423802 2.91882e+07
HSSO 80000 0.77603 0.675548 0.722311 4.54252 0.0426008 3.11285e+07
PLNO 80000 0.784747 0.663596 0.719104 5.13375 0.0536875 2.83015e+07
Hyper 80000 0.787542 0.705179 0.744088 3.10773 0.0381359 2.87471e+07
Coco 80000 0.811688 0.498008 0.617284 15.6494 0.384657 5.21927e+06
USS 80000 0.910131 0.138695 0.240709 27.0387 0.688603 1.68548e+06
SPAO 90000 0.786707 0.704432 0.7433 4.95333 0.0595527 3.09527e+07
HSSO 90000 0.783724 0.700199 0.739611 3.04626 0.0293164 3.43769e+07
PLNO 90000 0.78125 0.690986 0.733351 4.03304 0.0432545 2.70977e+07
Hyper 90000 0.781556 0.715388 0.74701 2.19726 0.024337 2.60302e+07
Coco 90000 0.796591 0.523655 0.631911 15.5147 0.227283 4.63766e+06
USS 90000 0.92341 0.159114 0.271453 25.3729 0.483943 1.61949e+06
SPAO 100000 0.782632 0.72261 0.751424 1.49394 0.0181976 3.47051e+07
HSSO 100000 0.780981 0.721863 0.750259 1.35681 0.0177344 3.58193e+07
PLNO 100000 0.776815 0.714143 0.744162 2.87482 0.0240644 2.85968e+07
Hyper 100000 0.783262 0.727092 0.754132 2.28996 0.0217438 2.96684e+07
Coco 100000 0.798064 0.574701 0.668211 11.6403 0.195522 4.70086e+06
USS 100000 0.902344 0.17256 0.289716 23.6409 0.510129 1.76932e+06
SPAO 200000 0.780843 0.775398 0.778111 0.137943 0.00155828 3.45269e+07
HSSO 200000 0.78028 0.776394 0.778333 0.0929042 0.00276118 3.82871e+07
PLNO 200000 0.777665 0.762948 0.770236 0.316356 0.008066 2.89026e+07
Hyper 200000 0.779678 0.771912 0.775776 0.0652195 0.00115137 2.87873e+07
Coco 200000 0.777144 0.712898 0.743636 3.0976 0.0567178 5.06539e+06
USS 200000 0.86849 0.332171 0.480548 17.0113 0.335701 2.15509e+06
SPAO 300000 0.78003 0.776145 0.778083 0.0439501 0.00116943 3.51729e+07
HSSO 300000 0.78003 0.776145 0.778083 0.0423093 0.000474243 4.09873e+07
PLNO 300000 0.78006 0.775398 0.777722 0.226109 0.00185713 2.72821e+07
Hyper 300000 0.780341 0.7749 0.777611 0.122283 0.00228149 2.78086e+07
Coco 300000 0.779578 0.754731 0.766953 1.66571 0.0259556 5.60536e+06
USS 300000 0.828125 0.4751 0.603797 12.2134 0.209413 2.34584e+06
SPAO 400000 0.779631 0.779631 0.779631 0 0 3.53245e+07
HSSO 400000 0.779631 0.779631 0.779631 0 0 4.04132e+07
PLNO 400000 0.77925 0.776145 0.777695 0.00403914 0.000115039 2.89132e+07
Hyper 400000 0.78028 0.776394 0.778333 0.313471 0.00170313 2.58852e+07
Coco 400000 0.778141 0.771165 0.774637 0.562759 0.00981909 5.55302e+06
USS 400000 0.802991 0.61504 0.69656 7.07475 0.119422 2.35703e+06
SPAO 500000 0.779441 0.777888 0.778664 0.189612 0.0014493 3.61559e+07
HSSO 500000 0.779691 0.778137 0.778913 0.0326961 0.0010501 4.05652e+07
PLNO 500000 0.779661 0.778884 0.779273 0.285766 0.000931015 3.06112e+07
Hyper 500000 0.77991 0.779133 0.779522 0.00104245 1.22301e-05 3.1958e+07
Coco 500000 0.780211 0.771663 0.775914 0.496808 0.0076963 5.65792e+06
USS 500000 0.76821 0.735309 0.751399 3.06124 0.0453287 2.34661e+06
SPAO 600000 0.779631 0.779631 0.779631 0 0 3.60575e+07
HSSO 600000 0.779631 0.779631 0.779631 0 0 4.06223e+07
PLNO 600000 0.779691 0.778137 0.778913 0.066775 0.00169942 3.06634e+07
Hyper 600000 0.778856 0.779631 0.779243 0.00341516 0.00163984 3.13343e+07
Coco 600000 0.77994 0.778386 0.779163 0.381025 0.00373548 5.97817e+06
USS 600000 0.775768 0.779631 0.777695 0.1665 0.00477951 2.30337e+06
SPAO 700000 0.779631 0.779631 0.779631 0 0 3.76454e+07
HSSO 700000 0.779631 0.779631 0.779631 0 0 4.06794e+07
PLNO 700000 0.779631 0.779631 0.779631 9.61769e-06 3.82894e-07 3.04952e+07
Hyper 700000 0.77991 0.779133 0.779522 0.0126554 0.00113358 3.09588e+07
Coco 700000 0.78022 0.777888 0.779052 0.0875475 0.00235878 6.10764e+06
USS 700000 0.779631 0.779631 0.779631 0 0 2.25145e+06
SPAO 800000 0.779631 0.779631 0.779631 0 0 3.62819e+07
HSSO 800000 0.779631 0.779631 0.779631 0 0 4.1332e+07
PLNO 800000 0.77994 0.778386 0.779163 0.0319858 0.000502425 3.0643e+07
Hyper 800000 0.77991 0.779133 0.779522 0.000821034 1.83697e-05 2.95978e+07
Coco 800000 0.778884 0.778884 0.778884 0.932707 0.00668676 6.18164e+06
USS 800000 0.779631 0.779631 0.779631 0 0 2.17917e+06
SPAO 900000 0.779631 0.779631 0.779631 0 0 3.61668e+07
HSSO 900000 0.779631 0.779631 0.779631 0 0 4.06952e+07
PLNO 900000 0.779631 0.779631 0.779631 0.00557873 5.66462e-05 3.13421e+07
Hyper 900000 0.779631 0.779631 0.779631 0 0 3.17644e+07
Coco 900000 0.779279 0.775398 0.777334 0.203979 0.00320393 6.4079e+06
USS 900000 0.779631 0.779631 0.779631 0 0 2.19926e+06
SPAO 1000000 0.779661 0.778884 0.779273 0.00193079 4.13417e-05 3.64096e+07
HSSO 1000000 0.77991 0.779133 0.779522 0.0252906 0.000481072 4.09705e+07
PLNO 1000000 0.779631 0.779631 0.779631 0 0 3.15087e+07
Hyper 1000000 0.779631 0.779631 0.779631 0 0 3.17978e+07
Coco 1000000 0.779631 0.779631 0.779631 0.00136746 6.01389e-05 6.21482e+06
USS 1000000 0.779631 0.779631 0.779631 0 0 2.17765e+06
