SPAO 10000 0.12079 0.0415938 2.82243e+07
HSSO 10000 0.164627 0.0523419 3.10049e+07
PLNO 10000 0.129638 0.0424139 2.52896e+07
Hyper 10000 0.0754021 0.0299795 2.48555e+07
Coco 10000 0.24949 0.0868671 5.83559e+06
USS 10000 1.01298 0.31931 1.98587e+06
SPAO 10000 0.141534 0.0520227 2.99301e+07
HSSO 10000 0.109429 0.0419494 3.02322e+07
PLNO 10000 0.123466 0.0421216 2.60491e+07
Hyper 10000 0.0949632 0.0295603 2.45e+07
Coco 10000 0.275292 0.0806471 5.76357e+06
USS 10000 1.01816 0.295627 1.97157e+06
SPAO 10000 0.113494 0.0384979 2.8999e+07
HSSO 10000 0.148292 0.0552033 3.0737e+07
PLNO 10000 0.102086 0.0368081 2.61388e+07
Hyper 10000 0.0741877 0.0270525 2.44738e+07
Coco 10000 0.311619 0.098356 5.73913e+06
USS 10000 0.937618 0.294725 1.96084e+06
SPAO 10000 0.11068 0.0389026 3.33575e+07
HSSO 10000 0.126541 0.0425706 3.04094e+07
PLNO 10000 0.101095 0.0345423 2.46126e+07
Hyper 10000 0.136466 0.0476485 2.38269e+07
Coco 10000 0.272934 0.0844264 5.66213e+06
USS 10000 1.0368 0.308069 1.71093e+06
SPAO 10000 0.124099 0.0424437 2.2637e+07
HSSO 10000 0.146642 0.049667 3.50363e+07
PLNO 10000 0.116388 0.04357 2.54876e+07
Hyper 10000 0.0921641 0.0320257 2.43073e+07
Coco 10000 0.28909 0.0877815 5.70575e+06
USS 10000 0.972081 0.292141 1.71743e+06
SPAO 20000 0.0676321 0.0225045 2.65102e+07
HSSO 20000 0.0657314 0.022704 3.23728e+07
PLNO 20000 0.0600961 0.0214627 2.70567e+07
Hyper 20000 0.0427433 0.0153786 2.5467e+07
Coco 20000 0.117128 0.0360461 5.86929e+06
USS 20000 0.550353 0.165192 1.93842e+06
SPAO 20000 0.0522853 0.0204401 2.75965e+07
HSSO 20000 0.05803 0.0211317 2.85134e+07
PLNO 20000 0.0531443 0.0183562 2.92146e+07
Hyper 20000 0.0412797 0.0158172 2.57177e+07
Coco 20000 0.129225 0.038978 5.87559e+06
USS 20000 0.547978 0.169449 2.07391e+06
SPAO 20000 0.0586121 0.0193861 2.69802e+07
HSSO 20000 0.0525574 0.0184287 2.88552e+07
PLNO 20000 0.0822121 0.026944 2.44724e+07
Hyper 20000 0.0404934 0.0146357 2.24425e+07
Coco 20000 0.129619 0.0392011 5.88599e+06
USS 20000 0.557807 0.167208 2.06071e+06
SPAO 20000 0.0609121 0.023302 2.99214e+07
HSSO 20000 0.0723505 0.023453 3.46826e+07
PLNO 20000 0.061893 0.0212484 2.67408e+07
Hyper 20000 0.049428 0.0172723 2.43022e+07
Coco 20000 0.123397 0.0381673 5.40085e+06
USS 20000 0.466577 0.143986 2.13052e+06
SPAO 20000 0.0520713 0.0192194 2.98081e+07
HSSO 20000 0.0652691 0.0226586 3.18334e+07
PLNO 20000 0.0620695 0.0210446 2.78529e+07
Hyper 20000 0.0677868 0.0269883 2.47703e+07
Coco 20000 0.124227 0.0367949 5.71765e+06
USS 20000 0.488991 0.156263 2.0301e+06
SPAO 30000 0.056441 0.0208681 3.13372e+07
HSSO 30000 0.0402057 0.0160442 3.356e+07
PLNO 30000 0.0357895 0.0126262 2.7995e+07
Hyper 30000 0.031291 0.0111028 2.67016e+07
Coco 30000 0.0862904 0.0255212 6.18718e+06
USS 30000 0.3427 0.101965 2.04385e+06
SPAO 30000 0.0413535 0.0122208 3.06185e+07
HSSO 30000 0.0429141 0.0144308 3.35318e+07
PLNO 30000 0.029089 0.0111789 2.78085e+07
Hyper 30000 0.0304078 0.0102315 2.63417e+07
Coco 30000 0.0770656 0.0236563 6.19307e+06
USS 30000 0.341723 0.101969 2.0942e+06
SPAO 30000 0.0577882 0.0193329 3.06541e+07
HSSO 30000 0.0366162 0.0121357 3.32713e+07
PLNO 30000 0.0316536 0.010716 2.84939e+07
Hyper 30000 0.0351263 0.0115219 2.43853e+07
Coco 30000 0.0857128 0.0268921 6.05943e+06
USS 30000 0.335401 0.0999178 2.19476e+06
SPAO 30000 0.0459984 0.0173255 3.11794e+07
HSSO 30000 0.0363625 0.0129631 3.35957e+07
PLNO 30000 0.0314162 0.0113108 2.76844e+07
Hyper 30000 0.0317234 0.0111292 2.6154e+07
Coco 30000 0.0735777 0.0229945 6.16526e+06
USS 30000 0.341058 0.105377 2.13455e+06
SPAO 30000 0.0405228 0.0136373 3.1211e+07
HSSO 30000 0.0396004 0.014961 3.27169e+07
PLNO 30000 0.03738 0.012603 2.80575e+07
Hyper 30000 0.0299659 0.0112085 2.66205e+07
Coco 30000 0.0804496 0.0247825 6.19504e+06
USS 30000 0.345705 0.105931 2.08745e+06
SPAO 40000 0.0244006 0.00959064 3.0038e+07
HSSO 40000 0.0269932 0.0096221 3.49763e+07
PLNO 40000 0.0258964 0.0110735 2.65074e+07
Hyper 40000 0.0185129 0.00744182 2.61404e+07
Coco 40000 0.0616062 0.0194057 6.1242e+06
USS 40000 0.253295 0.0755281 2.27081e+06
SPAO 40000 0.0235384 0.0083431 3.13725e+07
HSSO 40000 0.0252355 0.00893184 3.60553e+07
PLNO 40000 0.0369853 0.0127014 2.8417e+07
Hyper 40000 0.0364864 0.0120268 2.8228e+07
Coco 40000 0.0655921 0.0196823 6.02844e+06
USS 40000 0.250134 0.0769513 2.215e+06
SPAO 40000 0.0242041 0.00936939 3.14492e+07
HSSO 40000 0.0263475 0.00901899 3.32412e+07
PLNO 40000 0.0209308 0.00781415 2.8565e+07
Hyper 40000 0.0273996 0.00990844 2.84452e+07
Coco 40000 0.0606635 0.0190042 6.02557e+06
USS 40000 0.251786 0.0758464 2.23236e+06
SPAO 40000 0.0267741 0.00899857 3.08202e+07
HSSO 40000 0.0252589 0.00931407 3.31961e+07
PLNO 40000 0.0285858 0.00967966 2.97426e+07
Hyper 40000 0.0218493 0.0080261 2.73386e+07
Coco 40000 0.062623 0.018819 5.80899e+06
USS 40000 0.24694 0.0737249 2.22585e+06
SPAO 40000 0.0265167 0.0104888 3.08636e+07
HSSO 40000 0.0244818 0.00983604 3.32327e+07
PLNO 40000 0.041108 0.0130557 2.86103e+07
Hyper 40000 0.0200835 0.00807465 2.86885e+07
Coco 40000 0.0619606 0.0183539 6.10551e+06
USS 40000 0.238104 0.0733522 2.07017e+06
SPAO 50000 0.0212279 0.00732544 3.21992e+07
HSSO 50000 0.0211344 0.00760061 3.42727e+07
PLNO 50000 0.0156169 0.0060119 2.8888e+07
Hyper 50000 0.0156805 0.00555122 2.77998e+07
Coco 50000 0.0447751 0.0136619 6.31042e+06
USS 50000 0.190128 0.0576635 2.34716e+06
SPAO 50000 0.0183128 0.00677537 3.23065e+07
HSSO 50000 0.0208405 0.00684437 3.46066e+07
PLNO 50000 0.0157893 0.00605241 2.90294e+07
Hyper 50000 0.0152118 0.00545402 2.7491e+07
Coco 50000 0.0445508 0.0136102 6.23488e+06
USS 50000 0.199609 0.0603802 2.10918e+06
SPAO 50000 0.0207283 0.00736295 3.24504e+07
HSSO 50000 0.0247093 0.00869405 3.49476e+07
PLNO 50000 0.0215796 0.00883651 2.93693e+07
Hyper 50000 0.0162255 0.00629112 2.76807e+07
Coco 50000 0.0477598 0.0144158 6.3058e+06
USS 50000 0.193342 0.0592311 2.35154e+06
SPAO 50000 0.0232881 0.00836365 3.21884e+07
HSSO 50000 0.0183398 0.00677382 3.76294e+07
PLNO 50000 0.0224309 0.00736801 2.86551e+07
Hyper 50000 0.0160244 0.00600105 2.69357e+07
Coco 50000 0.0488575 0.014659 6.18215e+06
USS 50000 0.195312 0.0582936 2.2396e+06
SPAO 50000 0.0173603 0.00639781 3.18975e+07
HSSO 50000 0.0188103 0.00726383 3.46302e+07
PLNO 50000 0.0194216 0.00623568 2.84301e+07
Hyper 50000 0.0160216 0.00566235 2.6762e+07
Coco 50000 0.0484844 0.0179651 6.13685e+06
USS 50000 0.191547 0.058477 2.10301e+06
SPAO 60000 0.0166407 0.00639325 3.17727e+07
HSSO 60000 0.0163691 0.00604238 3.41072e+07
PLNO 60000 0.015776 0.00544349 2.64039e+07
Hyper 60000 0.0139169 0.00439223 2.92093e+07
Coco 60000 0.045509 0.01368 6.13187e+06
USS 60000 0.158873 0.0484057 2.18683e+06
SPAO 60000 0.0189248 0.00690735 3.16236e+07
HSSO 60000 0.014093 0.00579961 3.38122e+07
PLNO 60000 0.0148768 0.00532003 2.60189e+07
Hyper 60000 0.0143414 0.00466637 2.87996e+07
Coco 60000 0.0422734 0.0129904 6.01418e+06
USS 60000 0.160829 0.0481789 2.08494e+06
SPAO 60000 0.0224304 0.00833512 3.17144e+07
HSSO 60000 0.0222149 0.00735277 3.46917e+07
PLNO 60000 0.0147447 0.0049066 2.5843e+07
Hyper 60000 0.0177127 0.0070958 2.97472e+07
Coco 60000 0.0515083 0.0156851 5.93938e+06
USS 60000 0.153461 0.046064 2.04127e+06
SPAO 60000 0.0232648 0.00779686 3.02566e+07
HSSO 60000 0.0190655 0.00673002 3.23355e+07
PLNO 60000 0.0141276 0.0050385 2.45134e+07
Hyper 60000 0.0106168 0.00408093 2.78757e+07
Coco 60000 0.0551571 0.0159966 5.89352e+06
USS 60000 0.163377 0.0495845 2.05707e+06
SPAO 60000 0.0188621 0.00702912 2.855e+07
HSSO 60000 0.0173062 0.00597549 3.0263e+07
PLNO 60000 0.0148858 0.00546808 2.4262e+07
Hyper 60000 0.0136909 0.00566814 2.52736e+07
Coco 60000 0.0394979 0.0122625 5.56753e+06
USS 60000 0.155206 0.0476337 1.98562e+06
SPAO 70000 0.0122769 0.0046595 2.82216e+07
HSSO 70000 0.0147767 0.00509773 3.28337e+07
PLNO 70000 0.014139 0.00500015 2.38495e+07
Hyper 70000 0.0099528 0.0036772 2.42294e+07
Coco 70000 0.0315011 0.00946488 5.2799e+06
USS 70000 0.133417 0.040979 2.03466e+06
SPAO 70000 0.0123213 0.00412006 3.27296e+07
HSSO 70000 0.0152259 0.00525461 3.59755e+07
PLNO 70000 0.011322 0.00444661 2.91203e+07
Hyper 70000 0.0105684 0.00418905 2.96093e+07
Coco 70000 0.045113 0.0118636 6.17028e+06
USS 70000 0.133937 0.0418529 2.25715e+06
SPAO 70000 0.0155419 0.00637125 3.27151e+07
HSSO 70000 0.0127218 0.00443363 3.60243e+07
PLNO 70000 0.0137594 0.00499473 2.88115e+07
Hyper 70000 0.010142 0.00364409 2.95591e+07
Coco 70000 0.0322202 0.00960239 6.18559e+06
USS 70000 0.141194 0.0425774 2.12757e+06
SPAO 70000 0.0124002 0.00469005 3.30321e+07
HSSO 70000 0.0123695 0.00493038 3.62013e+07
PLNO 70000 0.0111318 0.00440388 2.86686e+07
Hyper 70000 0.0113252 0.00406544 2.89181e+07
Coco 70000 0.0347363 0.0107341 6.14252e+06
USS 70000 0.140993 0.0418746 2.1423e+06
SPAO 70000 0.0151606 0.00555147 3.21415e+07
HSSO 70000 0.0198686 0.00610421 3.55038e+07
PLNO 70000 0.014007 0.00534493 2.99976e+07
Hyper 70000 0.0111085 0.00423594 2.63739e+07
Coco 70000 0.0337913 0.0108047 5.72605e+06
USS 70000 0.141364 0.0429408 2.05549e+06
SPAO 80000 0.0109512 0.00429881 2.97973e+07
HSSO 80000 0.0138063 0.00487039 3.36432e+07
PLNO 80000 0.0100039 0.00386981 2.54562e+07
Hyper 80000 0.0107094 0.00363745 2.68353e+07
Coco 80000 0.0305907 0.00905483 6.1853e+06
USS 80000 0.114546 0.0352403 2.30505e+06
SPAO 80000 0.0132854 0.00498861 3.35036e+07
HSSO 80000 0.0143074 0.00489983 3.66467e+07
PLNO 80000 0.00981329 0.00357872 2.95781e+07
Hyper 80000 0.00976079 0.00338347 2.982e+07
Coco 80000 0.0312962 0.0095401 6.27798e+06
USS 80000 0.118411 0.0357252 2.22052e+06
SPAO 80000 0.0121753 0.00465947 3.29639e+07
HSSO 80000 0.0108654 0.00392778 3.67542e+07
PLNO 80000 0.00979705 0.0042437 3.11003e+07
Hyper 80000 0.00850922 0.00302686 2.89546e+07
Coco 80000 0.0272237 0.00820557 6.12455e+06
USS 80000 0.12063 0.0361066 2.11885e+06
SPAO 80000 0.0114042 0.00441328 3.10049e+07
HSSO 80000 0.0127565 0.00500672 3.41774e+07
PLNO 80000 0.0112851 0.00440417 2.70986e+07
Hyper 80000 0.00864705 0.00310144 3.0262e+07
Coco 80000 0.0271775 0.00892887 6.32847e+06
USS 80000 0.113162 0.0352784 2.30761e+06
SPAO 80000 0.0128331 0.00451573 3.34633e+07
HSSO 80000 0.0168207 0.00520188 3.66955e+07
PLNO 80000 0.0149117 0.00483678 2.96492e+07
Hyper 80000 0.00890303 0.00326493 2.99759e+07
Coco 80000 0.0290957 0.00858873 6.28832e+06
USS 80000 0.122749 0.0373016 2.16854e+06
SPAO 90000 0.0167378 0.00568311 3.28821e+07
HSSO 90000 0.00955167 0.00339106 3.69726e+07
PLNO 90000 0.00827425 0.00307656 2.98805e+07
Hyper 90000 0.00832467 0.00297718 2.63875e+07
Coco 90000 0.0271194 0.00800883 6.07472e+06
USS 90000 0.105866 0.0321484 2.29419e+06
SPAO 90000 0.0103551 0.00382304 3.37404e+07
HSSO 90000 0.00993752 0.00342828 3.9928e+07
PLNO 90000 0.01017 0.0038475 2.90916e+07
Hyper 90000 0.00761849 0.00281652 2.96686e+07
Coco 90000 0.0241127 0.00752021 6.50729e+06
USS 90000 0.103274 0.0311113 2.03552e+06
SPAO 90000 0.00866746 0.00319461 3.40935e+07
HSSO 90000 0.0107974 0.00429376 3.72482e+07
PLNO 90000 0.0123511 0.00440352 2.94837e+07
Hyper 90000 0.00804015 0.00292144 3.00606e+07
Coco 90000 0.0253446 0.00768057 6.43396e+06
USS 90000 0.0974308 0.0309137 2.28581e+06
SPAO 90000 0.00995933 0.00392611 3.44682e+07
HSSO 90000 0.0108436 0.00372237 3.63986e+07
PLNO 90000 0.0111862 0.00414966 3.01364e+07
Hyper 90000 0.0119244 0.0038766 2.84367e+07
Coco 90000 0.0260291 0.00769751 6.36989e+06
USS 90000 0.100628 0.0307523 2.36126e+06
SPAO 90000 0.0112847 0.00445057 3.38862e+07
HSSO 90000 0.0097335 0.00326679 3.94468e+07
PLNO 90000 0.0102589 0.00366525 2.87937e+07
Hyper 90000 0.00641384 0.00241708 2.94714e+07
Coco 90000 0.0268507 0.0077999 6.40592e+06
USS 90000 0.103876 0.0312092 2.29889e+06
SPAO 100000 0.010217 0.00383052 3.39716e+07
HSSO 100000 0.00782556 0.00278308 4.08956e+07
PLNO 100000 0.00985879 0.00343627 3.02377e+07
Hyper 100000 0.00950569 0.0031696 2.83952e+07
Coco 100000 0.0241583 0.00738808 6.54214e+06
USS 100000 0.0915039 0.0279245 2.33722e+06
SPAO 100000 0.00778692 0.00288323 3.40098e+07
HSSO 100000 0.00893162 0.003204 3.74738e+07
PLNO 100000 0.00951264 0.00377184 3.2647e+07
Hyper 100000 0.00678585 0.00256697 2.83947e+07
Coco 100000 0.0237072 0.00742679 6.54962e+06
USS 100000 0.0950524 0.0285965 2.3157e+06
SPAO 100000 0.00900348 0.0031628 3.40595e+07
HSSO 100000 0.00908393 0.00295218 3.74179e+07
PLNO 100000 0.00825743 0.00302565 3.27545e+07
Hyper 100000 0.0099156 0.00348107 2.84851e+07
Coco 100000 0.0211983 0.0066977 6.50037e+06
USS 100000 0.0898574 0.0278594 2.1375e+06
SPAO 100000 0.00832077 0.00298023 3.39291e+07
HSSO 100000 0.00816276 0.00282733 3.70373e+07
PLNO 100000 0.0075203 0.00284807 2.98879e+07
Hyper 100000 0.00826163 0.00312408 2.78803e+07
Coco 100000 0.026012 0.00790251 6.35718e+06
USS 100000 0.0926266 0.0277963 2.30948e+06
SPAO 100000 0.00998992 0.00329567 3.35624e+07
HSSO 100000 0.00954548 0.00387071 3.70225e+07
PLNO 100000 0.00842166 0.00340506 2.99305e+07
Hyper 100000 0.0162005 0.00564133 2.77749e+07
Coco 100000 0.0230858 0.00701269 6.37507e+06
USS 100000 0.0937492 0.0284802 2.23239e+06
SPAO 200000 0.00363507 0.00149645 3.39395e+07
HSSO 200000 0.00374758 0.00137304 3.80708e+07
PLNO 200000 0.00344804 0.00124791 2.96263e+07
Hyper 200000 0.00256901 0.000857702 3.03354e+07
Coco 200000 0.0100631 0.00311612 6.32744e+06
USS 200000 0.0430314 0.0132302 2.18301e+06
SPAO 200000 0.00399316 0.00144785 3.38029e+07
HSSO 200000 0.00364346 0.001351 4.00876e+07
PLNO 200000 0.00320027 0.00118646 2.96001e+07
Hyper 200000 0.00282131 0.00110084 3.00611e+07
Coco 200000 0.00970241 0.00295874 6.282e+06
USS 200000 0.043583 0.0132553 2.28551e+06
SPAO 200000 0.00363744 0.00151613 3.37371e+07
HSSO 200000 0.00393615 0.0013433 3.78608e+07
PLNO 200000 0.00347466 0.0012864 2.93654e+07
Hyper 200000 0.00215276 0.000803324 3.16947e+07
Coco 200000 0.0108775 0.00350859 6.04168e+06
USS 200000 0.0437756 0.0130382 2.22458e+06
SPAO 200000 0.00343069 0.00126007 3.34106e+07
HSSO 200000 0.00477314 0.00160268 3.80888e+07
PLNO 200000 0.00364501 0.00127042 2.80195e+07
Hyper 200000 0.00293061 0.00103759 2.87758e+07
Coco 200000 0.00996447 0.00312757 6.14942e+06
USS 200000 0.0416817 0.0129568 1.78233e+06
SPAO 200000 0.00362032 0.00126396 3.05105e+07
HSSO 200000 0.00432467 0.00155445 3.38912e+07
PLNO 200000 0.00309383 0.00117214 2.66451e+07
Hyper 200000 0.00262117 0.000918555 2.72382e+07
Coco 200000 0.0120387 0.00353886 5.83326e+06
USS 200000 0.0413625 0.0126317 2.00903e+06
SPAO 300000 0.00237621 0.000813908 3.08372e+07
HSSO 300000 0.00194532 0.000662643 3.73593e+07
PLNO 300000 0.00261712 0.00087792 2.93451e+07
Hyper 300000 0.0015772 0.000633546 2.73328e+07
Coco 300000 0.00638693 0.00191009 5.7027e+06
USS 300000 0.0259141 0.0078938 2.49832e+06
SPAO 300000 0.00260255 0.000739141 3.49134e+07
HSSO 300000 0.00180365 0.000666604 3.87054e+07
PLNO 300000 0.00197247 0.000693026 3.08916e+07
Hyper 300000 0.00155486 0.000570299 3.14347e+07
Coco 300000 0.00612078 0.00188299 6.55891e+06
USS 300000 0.0243339 0.00763795 2.39243e+06
SPAO 300000 0.00191671 0.000660626 3.49971e+07
HSSO 300000 0.00238519 0.000981614 3.82874e+07
PLNO 300000 0.00196658 0.000663647 2.99506e+07
Hyper 300000 0.00182842 0.000636444 3.01418e+07
Coco 300000 0.00668256 0.00195456 6.49894e+06
USS 300000 0.0259459 0.00791491 2.1972e+06
SPAO 300000 0.00177464 0.000673592 3.32274e+07
HSSO 300000 0.00277342 0.000890585 3.53226e+07
PLNO 300000 0.00282454 0.00087062 3.16069e+07
Hyper 300000 0.00166413 0.000590166 3.15348e+07
Coco 300000 0.00605163 0.00185942 6.61378e+06
USS 300000 0.0265553 0.00804352 2.51845e+06
SPAO 300000 0.00216503 0.000765471 3.45723e+07
HSSO 300000 0.00194908 0.000718815 3.86965e+07
PLNO 300000 0.00206754 0.00070376 3.06193e+07
Hyper 300000 0.00181635 0.000689364 3.12759e+07
Coco 300000 0.00897091 0.00230878 6.52363e+06
USS 300000 0.0269081 0.00813877 2.15287e+06
SPAO 400000 0.00121447 0.000484437 3.53132e+07
HSSO 400000 0.00120681 0.000455257 3.97062e+07
PLNO 400000 0.001419 0.000499574 3.13792e+07
Hyper 400000 0.00092472 0.000365759 3.1643e+07
Coco 400000 0.00527235 0.00168105 6.59892e+06
USS 400000 0.0181857 0.00559344 2.49553e+06
SPAO 400000 0.00147261 0.000512614 3.77642e+07
HSSO 400000 0.00166291 0.000537716 3.91011e+07
PLNO 400000 0.00110249 0.000385028 3.03561e+07
Hyper 400000 0.00106308 0.000378356 3.06458e+07
Coco 400000 0.00454083 0.00137593 6.54747e+06
USS 400000 0.0185066 0.00563301 2.43132e+06
SPAO 400000 0.00176803 0.000600557 3.54489e+07
HSSO 400000 0.00145845 0.000494014 3.96468e+07
PLNO 400000 0.00127627 0.000447869 3.14055e+07
Hyper 400000 0.000986342 0.000361953 3.16532e+07
Coco 400000 0.00457075 0.00142477 6.69257e+06
USS 400000 0.0181342 0.00546305 2.30744e+06
SPAO 400000 0.00113707 0.00043145 3.56641e+07
HSSO 400000 0.00165375 0.000575191 3.8811e+07
PLNO 400000 0.00147106 0.000516012 2.95847e+07
Hyper 400000 0.000997506 0.000408908 2.90486e+07
Coco 400000 0.00441968 0.00138534 6.28035e+06
USS 400000 0.0183703 0.00566862 2.51694e+06
SPAO 400000 0.00131404 0.000475415 3.54143e+07
HSSO 400000 0.00193332 0.000639842 3.96823e+07
PLNO 400000 0.000926763 0.000336644 3.13466e+07
Hyper 400000 0.00123267 0.000433242 3.43446e+07
Coco 400000 0.00417817 0.00129391 6.52907e+06
USS 400000 0.0187468 0.00570927 2.41463e+06
SPAO 500000 0.000729193 0.000254353 3.3734e+07
HSSO 500000 0.000810979 0.000320511 3.74272e+07
PLNO 500000 0.000828175 0.00029219 3.19478e+07
Hyper 500000 0.00062591 0.000234332 3.19907e+07
Coco 500000 0.00376193 0.00104356 6.51592e+06
USS 500000 0.014161 0.00429434 2.50084e+06
SPAO 500000 0.000856722 0.000370794 3.51301e+07
HSSO 500000 0.000924181 0.000335961 3.97892e+07
PLNO 500000 0.000787509 0.000305781 3.04764e+07
Hyper 500000 0.000632167 0.000302996 3.16434e+07
Coco 500000 0.00311656 0.000938931 6.59841e+06
USS 500000 0.0144761 0.0044568 2.26531e+06
SPAO 500000 0.00116755 0.000506917 3.59352e+07
HSSO 500000 0.000809731 0.000318949 3.99571e+07
PLNO 500000 0.000823058 0.000303573 3.14578e+07
Hyper 500000 0.000725032 0.000219021 3.18204e+07
Coco 500000 0.00293205 0.000954223 6.55795e+06
USS 500000 0.0137675 0.00422564 2.53354e+06
SPAO 500000 0.00107909 0.000363446 3.51408e+07
HSSO 500000 0.00112402 0.000363635 3.97551e+07
PLNO 500000 0.000852867 0.000294227 3.39575e+07
Hyper 500000 0.000820272 0.000314889 3.07494e+07
Coco 500000 0.00345204 0.00112933 6.4896e+06
USS 500000 0.0138497 0.00415665 2.43433e+06
SPAO 500000 0.000840521 0.000304768 3.55806e+07
HSSO 500000 0.000952761 0.000349879 4.03448e+07
PLNO 500000 0.00111162 0.00036433 3.13477e+07
Hyper 500000 0.000741115 0.000272327 3.18702e+07
Coco 500000 0.00366263 0.00113168 6.51953e+06
USS 500000 0.0141272 0.00429961 2.49122e+06
SPAO 600000 0.000592609 0.000201474 3.55292e+07
HSSO 600000 0.000822728 0.000259725 4.34392e+07
PLNO 600000 0.000562798 0.000189157 3.0447e+07
Hyper 600000 0.000405095 0.000141567 3.08743e+07
Coco 600000 0.00225495 0.000689871 6.54825e+06
USS 600000 0.010729 0.00329033 2.34866e+06
SPAO 600000 0.000609157 0.000209278 3.57105e+07
HSSO 600000 0.000591832 0.000227418 4.04569e+07
PLNO 600000 0.000599876 0.000236015 3.14544e+07
Hyper 600000 0.000501449 0.000200544 3.19108e+07
Coco 600000 0.00245574 0.000742311 6.64732e+06
USS 600000 0.0108137 0.00329035 2.46537e+06
SPAO 600000 0.000839594 0.000289516 3.61556e+07
HSSO 600000 0.000557378 0.000204765 4.05777e+07
PLNO 600000 0.000569896 0.000192728 3.00096e+07
Hyper 600000 0.000537308 0.000194046 2.99823e+07
Coco 600000 0.00245804 0.00072158 6.15511e+06
USS 600000 0.0111706 0.00338877 2.67483e+06
SPAO 600000 0.000661171 0.00025054 4.03853e+07
HSSO 600000 0.000803069 0.000279622 4.56067e+07
PLNO 600000 0.000637637 0.000223071 3.56275e+07
Hyper 600000 0.000511244 0.000201296 3.6353e+07
Coco 600000 0.00257398 0.00079804 7.56011e+06
USS 600000 0.0109395 0.00335445 2.91916e+06
SPAO 600000 0.000576974 0.000207847 4.03287e+07
HSSO 600000 0.000648578 0.000284901 4.54916e+07
PLNO 600000 0.000543204 0.000210686 3.53108e+07
Hyper 600000 0.000540963 0.000157813 3.62493e+07
Coco 600000 0.00258703 0.00082161 7.55435e+06
USS 600000 0.0112938 0.00337028 2.89262e+06
SPAO 700000 0.000545833 0.000188777 4.01485e+07
HSSO 700000 0.000656823 0.000262631 4.52349e+07
PLNO 700000 0.000461087 0.000183941 3.54392e+07
Hyper 700000 0.000403391 0.000170191 3.62261e+07
Coco 700000 0.00182376 0.000544284 7.48684e+06
USS 700000 0.00887188 0.00270138 2.84005e+06
SPAO 700000 0.000472364 0.00016312 3.71244e+07
HSSO 700000 0.000729593 0.000257114 4.04403e+07
PLNO 700000 0.000403008 0.000144445 3.2546e+07
Hyper 700000 0.000355743 0.000124482 3.35832e+07
Coco 700000 0.00186096 0.000568824 7.10393e+06
USS 700000 0.00874151 0.00266363 2.86478e+06
SPAO 700000 0.000393963 0.000153193 4.04742e+07
HSSO 700000 0.000852931 0.000281267 4.57538e+07
PLNO 700000 0.000635606 0.000247713 3.53504e+07
Hyper 700000 0.0006645 0.000261669 3.6287e+07
Coco 700000 0.00179229 0.000547817 7.49249e+06
USS 700000 0.00893894 0.0026985 2.89163e+06
SPAO 700000 0.000580965 0.000197827 4.05592e+07
HSSO 700000 0.000525733 0.000188094 4.58082e+07
PLNO 700000 0.00044577 0.000154146 3.54936e+07
Hyper 700000 0.000392858 0.000140755 3.60091e+07
Coco 700000 0.00179913 0.000539552 7.52907e+06
USS 700000 0.00914564 0.00274178 2.86297e+06
SPAO 700000 0.000502195 0.000188693 4.04052e+07
HSSO 700000 0.00034952 0.000128381 4.58853e+07
PLNO 700000 0.000389936 0.000139794 3.48941e+07
Hyper 700000 0.00051598 0.000134056 3.63788e+07
Coco 700000 0.00170995 0.000529138 7.51666e+06
USS 700000 0.00891048 0.00266263 2.6884e+06
SPAO 800000 0.000313236 0.00011465 3.72558e+07
HSSO 800000 0.000352228 0.000117897 4.57341e+07
PLNO 800000 0.000320888 0.000108342 3.56895e+07
Hyper 800000 0.000323082 0.000108451 3.59116e+07
Coco 800000 0.00153636 0.000476708 7.47767e+06
USS 800000 0.00723762 0.00222196 2.84823e+06
SPAO 800000 0.00108377 0.000366459 4.03409e+07
HSSO 800000 0.000469745 0.00014405 4.59197e+07
PLNO 800000 0.000396233 0.000137231 3.5615e+07
Hyper 800000 0.000370294 0.000122889 3.60365e+07
Coco 800000 0.00172099 0.000526399 7.46402e+06
USS 800000 0.00739713 0.00224002 2.91958e+06
SPAO 800000 0.000612729 0.000271548 4.05836e+07
HSSO 800000 0.000398497 0.000102502 4.58473e+07
PLNO 800000 0.000443733 0.000170316 3.56555e+07
Hyper 800000 0.000472359 0.00015634 3.60655e+07
Coco 800000 0.001683 0.000510891 7.43043e+06
USS 800000 0.00741559 0.00223851 2.91419e+06
SPAO 800000 0.000426827 0.000124352 4.05115e+07
HSSO 800000 0.000534084 0.000185195 4.58086e+07
PLNO 800000 0.000399168 0.000144642 3.55091e+07
Hyper 800000 0.000357918 0.000101005 3.55848e+07
Coco 800000 0.00155464 0.000504565 6.87538e+06
USS 800000 0.00722961 0.00223073 2.78066e+06
SPAO 800000 0.000348132 0.000161683 4.02051e+07
HSSO 800000 0.000381664 0.000159164 4.55961e+07
PLNO 800000 0.000377418 0.000117936 3.51496e+07
Hyper 800000 0.000380029 0.000127273 3.59363e+07
Coco 800000 0.00155435 0.00047728 7.3936e+06
USS 800000 0.00736573 0.00224919 2.80981e+06
SPAO 900000 0.00036003 0.000139235 4.06335e+07
HSSO 900000 0.000319851 0.000107491 4.54257e+07
PLNO 900000 0.000296377 0.00011385 3.56612e+07
Hyper 900000 0.000170182 6.31647e-05 3.64038e+07
Coco 900000 0.0015801 0.000477262 7.51791e+06
USS 900000 0.00592392 0.00181017 2.7669e+06
SPAO 900000 0.000264691 9.50884e-05 4.05128e+07
HSSO 900000 0.000366393 0.000114393 4.59252e+07
PLNO 900000 0.000293796 0.000117005 3.57617e+07
Hyper 900000 0.00022916 7.43843e-05 3.63503e+07
Coco 900000 0.00132869 0.000428322 7.52427e+06
USS 900000 0.00622631 0.0018787 2.8071e+06
SPAO 900000 0.000333111 0.000110674 3.75785e+07
HSSO 900000 0.000273425 9.59696e-05 4.24997e+07
PLNO 900000 0.000229808 8.91176e-05 3.31387e+07
Hyper 900000 0.000203013 6.23288e-05 3.31555e+07
Coco 900000 0.00136242 0.000418148 6.99344e+06
USS 900000 0.00603218 0.00182216 2.90497e+06
SPAO 900000 0.000318039 0.000111769 4.07397e+07
HSSO 900000 0.000310791 0.000101311 4.59953e+07
PLNO 900000 0.000268856 8.71632e-05 3.58122e+07
Hyper 900000 0.000173122 6.91596e-05 3.61854e+07
Coco 900000 0.0013865 0.000397362 7.51914e+06
USS 900000 0.00588409 0.00178615 2.90111e+06
SPAO 900000 0.00029752 0.000108411 4.06011e+07
HSSO 900000 0.000235 8.49966e-05 4.58576e+07
PLNO 900000 0.000731084 0.000231847 3.54052e+07
Hyper 900000 0.000236806 9.48753e-05 3.64333e+07
Coco 900000 0.0012736 0.000395424 7.53881e+06
USS 900000 0.00597392 0.00179925 2.92615e+06
SPAO 1000000 0.000188006 6.6129e-05 4.07137e+07
HSSO 1000000 0.000233049 7.82452e-05 4.53923e+07
PLNO 1000000 0.000141869 4.13297e-05 3.58582e+07
Hyper 1000000 0.000198177 6.66705e-05 3.63783e+07
Coco 1000000 0.00121431 0.00035164 7.53705e+06
USS 1000000 0.00537302 0.00161758 2.67682e+06
SPAO 1000000 0.000223208 9.51968e-05 3.74856e+07
HSSO 1000000 0.000180091 6.55855e-05 4.23976e+07
PLNO 1000000 0.000162979 5.02508e-05 3.5804e+07
Hyper 1000000 0.000236548 8.62923e-05 3.63474e+07
Coco 1000000 0.00113061 0.000325315 7.52175e+06
USS 1000000 0.00523647 0.00160001 2.90946e+06
SPAO 1000000 0.000213094 8.60693e-05 4.07579e+07
HSSO 1000000 0.000183046 7.74144e-05 4.58714e+07
PLNO 1000000 0.000177025 5.67959e-05 3.56043e+07
Hyper 1000000 0.000319795 0.000128807 3.63314e+07
Coco 1000000 0.00133225 0.00038262 7.51149e+06
USS 1000000 0.00527712 0.00161642 2.88511e+06
SPAO 1000000 0.000274853 9.11524e-05 4.02678e+07
HSSO 1000000 0.000241366 8.69662e-05 4.59492e+07
PLNO 1000000 0.000486512 0.000153544 3.57897e+07
Hyper 1000000 0.000151941 5.69222e-05 3.6192e+07
Coco 1000000 0.00111065 0.000344627 7.54629e+06
USS 1000000 0.00503169 0.00156116 2.85391e+06
SPAO 1000000 0.000230744 8.23981e-05 4.03476e+07
HSSO 1000000 0.000206267 8.46644e-05 4.59605e+07
PLNO 1000000 0.000171484 5.8561e-05 3.57713e+07
Hyper 1000000 0.000282787 9.13618e-05 3.6247e+07
Coco 1000000 0.00100984 0.000308283 6.93466e+06
USS 1000000 0.00530602 0.00158851 2.7389e+06
