SPAO 10000 604072 0.0382638 1.90926e+07
HSSO 10000 593760 0.0452729 2.05135e+07
PLNO 10000 584478 0.0386294 1.84387e+07
Hyper 10000 465289 0.0337611 2.08345e+07
Coco 10000 676964 0.0390171 5.29287e+06
USS 10000 3.0146e+06 0.171714 1.54187e+06
SPAO 10000 652499 0.0435882 1.91423e+07
HSSO 10000 609484 0.0457419 2.06349e+07
PLNO 10000 675401 0.0508733 1.93246e+07
Hyper 10000 449604 0.0324622 2.3282e+07
Coco 10000 784626 0.0437076 6.65186e+06
USS 10000 2.96638e+06 0.170767 1.55453e+06
SPAO 10000 606771 0.0425073 1.93118e+07
HSSO 10000 624033 0.0445508 2.01725e+07
PLNO 10000 575443 0.038627 1.95709e+07
Hyper 10000 469697 0.0336889 1.81957e+07
Coco 10000 822992 0.049077 4.80896e+06
USS 10000 2.82139e+06 0.168941 1.55885e+06
SPAO 10000 599005 0.0452341 1.8897e+07
HSSO 10000 629109 0.0444765 2.02805e+07
PLNO 10000 588439 0.0450169 1.86341e+07
Hyper 10000 487676 0.032582 1.9221e+07
Coco 10000 877836 0.0537384 5.26868e+06
USS 10000 2.81068e+06 0.161626 1.56823e+06
SPAO 10000 770577 0.0574359 1.90367e+07
HSSO 10000 755528 0.0609409 1.98827e+07
PLNO 10000 1.76833e+06 0.0970799 1.767e+07
Hyper 10000 401686 0.0308386 1.96327e+07
Coco 10000 834448 0.0436615 5.07104e+06
USS 10000 2.84281e+06 0.16698 1.66534e+06
SPAO 20000 258655 0.0191721 2.08067e+07
HSSO 20000 253748 0.0183957 2.28404e+07
PLNO 20000 290836 0.0219648 1.98653e+07
Hyper 20000 224724 0.0157589 1.99968e+07
Coco 20000 362713 0.0205915 5.28217e+06
USS 20000 1.40029e+06 0.0824614 1.55715e+06
SPAO 20000 294773 0.0220974 2.13488e+07
HSSO 20000 265573 0.0191126 2.287e+07
PLNO 20000 289105 0.0202723 1.95045e+07
Hyper 20000 236553 0.0164022 2.05424e+07
Coco 20000 382666 0.0215445 5.07658e+06
USS 20000 1.38261e+06 0.0808676 1.60403e+06
SPAO 20000 274813 0.0204039 2.15401e+07
HSSO 20000 255723 0.0193342 2.35986e+07
PLNO 20000 246839 0.0177902 1.95686e+07
Hyper 20000 226223 0.0153462 2.09251e+07
Coco 20000 374547 0.0222741 5.15274e+06
USS 20000 1.40913e+06 0.0835092 1.71291e+06
SPAO 20000 270007 0.0190595 2.7594e+07
HSSO 20000 262926 0.0183031 2.39508e+07
PLNO 20000 278525 0.0196694 1.97983e+07
Hyper 20000 273263 0.0187862 2.06517e+07
Coco 20000 336666 0.0214339 5.07937e+06
USS 20000 1.38845e+06 0.0821353 1.53358e+06
SPAO 20000 263991 0.0209144 2.11617e+07
HSSO 20000 293439 0.0215134 2.28512e+07
PLNO 20000 258537 0.0184611 2.01618e+07
Hyper 20000 239182 0.0164453 2.03763e+07
Coco 20000 396679 0.0237211 5.9229e+06
USS 20000 1.45044e+06 0.0824711 1.79065e+06
SPAO 30000 194343 0.0153586 2.51062e+07
HSSO 30000 186640 0.0137344 2.83652e+07
PLNO 30000 166640 0.0117856 2.27996e+07
Hyper 30000 141993 0.0108042 2.19173e+07
Coco 30000 223519 0.013369 6.48214e+06
USS 30000 930648 0.0539349 1.73497e+06
SPAO 30000 175274 0.013828 2.38078e+07
HSSO 30000 178074 0.0125158 2.36697e+07
PLNO 30000 170044 0.012193 2.11352e+07
Hyper 30000 148374 0.0124808 2.10215e+07
Coco 30000 239952 0.0153423 5.36575e+06
USS 30000 909514 0.0543381 1.64407e+06
SPAO 30000 173935 0.0124212 2.24781e+07
HSSO 30000 171339 0.0118117 2.86805e+07
PLNO 30000 154057 0.0111219 2.14321e+07
Hyper 30000 134140 0.00917106 2.16312e+07
Coco 30000 257212 0.0143181 5.46035e+06
USS 30000 936484 0.0547905 1.61891e+06
SPAO 30000 180521 0.0123416 2.41048e+07
HSSO 30000 186574 0.0130151 2.61509e+07
PLNO 30000 160891 0.0115487 2.11012e+07
Hyper 30000 133525 0.00965239 2.19113e+07
Coco 30000 256204 0.0148086 5.7922e+06
USS 30000 951114 0.0549067 1.58252e+06
SPAO 30000 177312 0.0139236 2.42224e+07
HSSO 30000 187321 0.0158471 2.64615e+07
PLNO 30000 160060 0.01129 2.09007e+07
Hyper 30000 138845 0.00958759 2.08349e+07
Coco 30000 260486 0.0138807 5.258e+06
USS 30000 915734 0.0533288 1.89371e+06
SPAO 40000 149334 0.0109233 2.40018e+07
HSSO 40000 132745 0.0095337 2.68018e+07
PLNO 40000 131394 0.0104708 2.14062e+07
Hyper 40000 97482.4 0.00694324 2.16215e+07
Coco 40000 180232 0.0106395 5.3638e+06
USS 40000 684593 0.0398652 1.67721e+06
SPAO 40000 145027 0.0110136 2.36606e+07
HSSO 40000 127636 0.00919232 2.60091e+07
PLNO 40000 120257 0.00895743 2.13779e+07
Hyper 40000 103046 0.00797662 2.177e+07
Coco 40000 164174 0.0100965 5.56447e+06
USS 40000 684360 0.0403986 1.59351e+06
SPAO 40000 124524 0.0091409 2.38575e+07
HSSO 40000 120631 0.0086429 2.60224e+07
PLNO 40000 125548 0.0090037 2.17206e+07
Hyper 40000 104693 0.00732068 2.24519e+07
Coco 40000 205067 0.0113751 6.35858e+06
USS 40000 708559 0.0405605 1.65287e+06
SPAO 40000 136253 0.00976289 2.4819e+07
HSSO 40000 129740 0.00922164 2.56264e+07
PLNO 40000 114715 0.00847122 2.05943e+07
Hyper 40000 119161 0.00794822 1.97356e+07
Coco 40000 177461 0.0108719 5.25222e+06
USS 40000 694166 0.0407047 1.54827e+06
SPAO 40000 134335 0.00997019 2.3921e+07
HSSO 40000 129809 0.00972855 2.61255e+07
PLNO 40000 183643 0.0128147 2.13642e+07
Hyper 40000 104806 0.00796583 2.22588e+07
Coco 40000 165602 0.0093428 5.30212e+06
USS 40000 687812 0.0396283 1.61715e+06
SPAO 50000 109040 0.00750603 2.44905e+07
HSSO 50000 107912 0.00801633 2.69519e+07
PLNO 50000 100898 0.00713761 2.18401e+07
Hyper 50000 77429.2 0.00573466 2.20242e+07
Coco 50000 177165 0.0114209 5.31446e+06
USS 50000 534289 0.0320615 1.65094e+06
SPAO 50000 130123 0.00957212 2.39503e+07
HSSO 50000 132495 0.00938601 2.63022e+07
PLNO 50000 101842 0.00782435 2.13734e+07
Hyper 50000 70085.4 0.00494174 2.18792e+07
Coco 50000 191323 0.0100631 5.59072e+06
USS 50000 518850 0.0305949 1.77555e+06
SPAO 50000 119144 0.00957126 2.41622e+07
HSSO 50000 114360 0.00759563 2.62939e+07
PLNO 50000 104928 0.00723707 2.12055e+07
Hyper 50000 80563.6 0.00560883 2.17983e+07
Coco 50000 185714 0.0105683 5.35306e+06
USS 50000 541144 0.0319444 1.64314e+06
SPAO 50000 108898 0.0076573 2.40238e+07
HSSO 50000 123731 0.0087784 2.7118e+07
PLNO 50000 114533 0.00804408 2.12266e+07
Hyper 50000 73536.3 0.00557128 2.23071e+07
Coco 50000 181965 0.0109733 5.86763e+06
USS 50000 535659 0.0317276 1.64514e+06
SPAO 50000 119329 0.00954571 2.35491e+07
HSSO 50000 115504 0.00890455 2.66125e+07
PLNO 50000 99191 0.00722241 2.23619e+07
Hyper 50000 82442.4 0.00577775 2.31376e+07
Coco 50000 149999 0.00936323 6.62568e+06
USS 50000 541011 0.0314895 1.69752e+06
SPAO 60000 78846.3 0.00533998 2.49974e+07
HSSO 60000 94440.9 0.00735411 2.68162e+07
PLNO 60000 79163.2 0.00577307 2.2451e+07
Hyper 60000 57243.9 0.0042978 2.20987e+07
Coco 60000 125564 0.00720938 5.38734e+06
USS 60000 437572 0.0252065 1.70485e+06
SPAO 60000 83124.8 0.00589522 2.48509e+07
HSSO 60000 84417.2 0.00597828 2.68504e+07
PLNO 60000 81164.2 0.00631719 2.20721e+07
Hyper 60000 71853 0.00505639 2.26746e+07
Coco 60000 137145 0.00810857 5.60618e+06
USS 60000 436422 0.026071 1.69356e+06
SPAO 60000 92706.8 0.00662125 2.45336e+07
HSSO 60000 88488.5 0.00644436 2.77715e+07
PLNO 60000 80540.6 0.0056919 2.16772e+07
Hyper 60000 69926.8 0.00493297 2.26823e+07
Coco 60000 121535 0.0072834 5.49869e+06
USS 60000 453850 0.0266636 1.72633e+06
SPAO 60000 75489.9 0.00541996 2.51611e+07
HSSO 60000 98430.2 0.00685057 2.77242e+07
PLNO 60000 73993.5 0.00530548 2.20847e+07
Hyper 60000 60535.9 0.00430551 2.18889e+07
Coco 60000 130962 0.00740335 5.63832e+06
USS 60000 450586 0.0260037 1.72156e+06
SPAO 60000 88877 0.00688838 2.89914e+07
HSSO 60000 92452.2 0.0070465 3.30086e+07
PLNO 60000 88171.4 0.0061023 2.7613e+07
Hyper 60000 66345.5 0.00482391 3.07239e+07
Coco 60000 116930 0.00710855 7.90373e+06
USS 60000 438857 0.026083 2.53347e+06
SPAO 70000 73649.6 0.00519443 3.28475e+07
HSSO 70000 71080.4 0.00521918 3.60673e+07
PLNO 70000 66236.1 0.00464175 2.96063e+07
Hyper 70000 51239.5 0.0035732 2.99211e+07
Coco 70000 95694.2 0.00590631 7.06716e+06
USS 70000 385921 0.022682 1.71822e+06
SPAO 70000 77521.6 0.00557409 2.47822e+07
HSSO 70000 70221.6 0.00493378 2.69549e+07
PLNO 70000 69193.9 0.00520608 2.20694e+07
Hyper 70000 53680.1 0.00374328 2.17788e+07
Coco 70000 92165.1 0.00549158 5.35029e+06
USS 70000 377250 0.0224446 1.78918e+06
SPAO 70000 73683.2 0.0054806 2.49936e+07
HSSO 70000 70553.6 0.00585203 2.68488e+07
PLNO 70000 106499 0.00711325 2.31623e+07
Hyper 70000 55882.9 0.00413447 2.22413e+07
Coco 70000 114330 0.00658718 5.59523e+06
USS 70000 382294 0.021432 1.80041e+06
SPAO 70000 82658.8 0.00679468 2.48486e+07
HSSO 70000 70022 0.0048999 2.71575e+07
PLNO 70000 83749.3 0.00604602 2.18215e+07
Hyper 70000 52751.3 0.00370258 2.25425e+07
Coco 70000 114205 0.00702715 5.73663e+06
USS 70000 390849 0.0227029 2.11361e+06
SPAO 70000 71468.1 0.00568157 2.47839e+07
HSSO 70000 72885.7 0.00518928 2.76634e+07
PLNO 70000 91360.3 0.00746876 2.19184e+07
Hyper 70000 54520 0.00423062 2.22726e+07
Coco 70000 97122.3 0.00558462 5.30571e+06
USS 70000 394345 0.0229416 1.8172e+06
SPAO 80000 60141.6 0.00452416 2.50575e+07
HSSO 80000 59571 0.00441075 2.74731e+07
PLNO 80000 50611.6 0.00401286 2.20206e+07
Hyper 80000 43693.5 0.00348437 2.19108e+07
Coco 80000 89204.4 0.00519697 5.44383e+06
USS 80000 326245 0.019022 1.65323e+06
SPAO 80000 54690.1 0.00372336 2.5441e+07
HSSO 80000 59327.2 0.00450941 2.72902e+07
PLNO 80000 101009 0.00724442 2.29914e+07
Hyper 80000 48365.6 0.00370404 2.2448e+07
Coco 80000 81056.2 0.00491144 5.76432e+06
USS 80000 333587 0.019355 1.67996e+06
SPAO 80000 57170 0.00423734 2.48207e+07
HSSO 80000 66007.7 0.0049432 2.67335e+07
PLNO 80000 65164.6 0.00450692 2.19562e+07
Hyper 80000 49625 0.00340396 2.13095e+07
Coco 80000 81925.5 0.00472148 5.49594e+06
USS 80000 326666 0.0194492 2.25477e+06
SPAO 80000 66666.8 0.00451098 2.92943e+07
HSSO 80000 56949.5 0.00429958 2.81635e+07
PLNO 80000 56406.6 0.00393283 2.19404e+07
Hyper 80000 51083.1 0.00352991 2.21688e+07
Coco 80000 87992.8 0.00490204 5.69155e+06
USS 80000 326752 0.019252 1.76907e+06
SPAO 80000 56048.6 0.00394151 2.51018e+07
HSSO 80000 60727.2 0.00428729 2.70602e+07
PLNO 80000 56779.6 0.00396647 2.19955e+07
Hyper 80000 47661.1 0.00334359 2.20049e+07
Coco 80000 84493.2 0.00509719 5.5121e+06
USS 80000 329673 0.0191628 1.66097e+06
SPAO 90000 50932.4 0.00364693 2.44453e+07
HSSO 90000 48566.1 0.00344017 2.56202e+07
PLNO 90000 48413.6 0.00329511 2.2577e+07
Hyper 90000 42534.3 0.0029943 2.41653e+07
Coco 90000 70305.2 0.00440199 5.85744e+06
USS 90000 280549 0.0169357 1.85227e+06
SPAO 90000 49161.1 0.00353724 2.48348e+07
HSSO 90000 53462.3 0.0040893 2.71644e+07
PLNO 90000 48806.6 0.00343838 2.21476e+07
Hyper 90000 42489 0.00293926 2.22172e+07
Coco 90000 69267.1 0.00425891 5.65691e+06
USS 90000 290135 0.0167497 1.77179e+06
SPAO 90000 51208.7 0.00370728 2.43119e+07
HSSO 90000 55481.7 0.00420162 2.73383e+07
PLNO 90000 55253.6 0.00373694 2.22072e+07
Hyper 90000 37584.7 0.00266968 2.31488e+07
Coco 90000 74503.8 0.00425218 5.85057e+06
USS 90000 292637 0.0170366 1.77564e+06
SPAO 90000 48531.3 0.00382046 2.45513e+07
HSSO 90000 51402.6 0.00430057 2.58505e+07
PLNO 90000 49292.1 0.00342324 2.20849e+07
Hyper 90000 38393.9 0.00287537 2.2655e+07
Coco 90000 68215.5 0.00404329 5.50726e+06
USS 90000 299916 0.0176226 1.76983e+06
SPAO 90000 49949.3 0.0037873 2.42915e+07
HSSO 90000 51656.3 0.00358078 2.65237e+07
PLNO 90000 45571.7 0.00320197 2.25646e+07
Hyper 90000 42388.8 0.00301022 2.28328e+07
Coco 90000 70626.4 0.00408238 5.95645e+06
USS 90000 281772 0.0167383 1.88893e+06
SPAO 100000 51994.5 0.00385506 2.58406e+07
HSSO 100000 53018.9 0.00390365 3.07683e+07
PLNO 100000 46708 0.00302299 2.54548e+07
Hyper 100000 43474.9 0.00290784 2.51753e+07
Coco 100000 58715.4 0.0036502 5.82122e+06
USS 100000 255829 0.0145986 1.75809e+06
SPAO 100000 49982.8 0.0037761 2.77793e+07
HSSO 100000 61905.8 0.00501237 3.17067e+07
PLNO 100000 42683.2 0.00307425 2.50877e+07
Hyper 100000 36832.6 0.00255245 2.27579e+07
Coco 100000 75128.8 0.00394266 5.98274e+06
USS 100000 260788 0.0148407 1.92209e+06
SPAO 100000 52335.7 0.00359371 2.71873e+07
HSSO 100000 55081.5 0.00442679 3.03236e+07
PLNO 100000 52899.8 0.00375431 2.29312e+07
Hyper 100000 38186.2 0.00289184 2.35565e+07
Coco 100000 68315.5 0.00407906 5.97084e+06
USS 100000 261826 0.0152966 1.81551e+06
SPAO 100000 57958.9 0.00449299 2.56844e+07
HSSO 100000 53486.9 0.00358074 2.80761e+07
PLNO 100000 44261.8 0.00309652 2.23761e+07
Hyper 100000 33647.6 0.00224374 2.24419e+07
Coco 100000 59419.5 0.00347657 5.55972e+06
USS 100000 256147 0.0148973 1.85923e+06
SPAO 100000 53350.2 0.00354164 2.46588e+07
HSSO 100000 55078.3 0.00373282 2.71402e+07
PLNO 100000 68975.6 0.00459153 2.17731e+07
Hyper 100000 40673.8 0.00315834 2.26751e+07
Coco 100000 66084.1 0.00365687 5.47e+06
USS 100000 261538 0.0154445 1.70021e+06
SPAO 200000 17640.7 0.001382 2.54934e+07
HSSO 200000 16212.3 0.00111543 2.76119e+07
PLNO 200000 17304.7 0.00119058 2.24214e+07
Hyper 200000 14697.6 0.00101022 2.30622e+07
Coco 200000 31184.8 0.0017775 6.03477e+06
USS 200000 115314 0.00672842 1.69047e+06
SPAO 200000 15972.7 0.00115329 2.58549e+07
HSSO 200000 17010.9 0.00118641 2.84343e+07
PLNO 200000 19884.7 0.00132483 2.28581e+07
Hyper 200000 14079.1 0.000935753 2.26272e+07
Coco 200000 32955.8 0.00178942 6.3145e+06
USS 200000 117217 0.00694033 1.72621e+06
SPAO 200000 18246.2 0.00125991 2.54977e+07
HSSO 200000 17332.6 0.00145648 2.91367e+07
PLNO 200000 17463 0.00124438 2.37414e+07
Hyper 200000 13824.7 0.000979254 2.3629e+07
Coco 200000 30792 0.00190357 7.68512e+06
USS 200000 118602 0.00694524 1.86028e+06
SPAO 200000 17028.7 0.00123111 2.57724e+07
HSSO 200000 18315.6 0.00130872 2.82757e+07
PLNO 200000 18137.1 0.00123217 2.17598e+07
Hyper 200000 14611.6 0.00112396 2.23953e+07
Coco 200000 34228.8 0.00198448 5.53217e+06
USS 200000 118536 0.00700476 1.62549e+06
SPAO 200000 16957.7 0.00118553 2.52321e+07
HSSO 200000 19234 0.00138896 2.83774e+07
PLNO 200000 20152.4 0.0013343 2.27052e+07
Hyper 200000 15095.9 0.00108359 2.26775e+07
Coco 200000 31973.2 0.00195754 5.74196e+06
USS 200000 117957 0.00701501 1.77262e+06
SPAO 300000 9381.71 0.000688687 2.59383e+07
HSSO 300000 9699.43 0.000675485 2.86269e+07
PLNO 300000 9409.8 0.000650492 2.25654e+07
Hyper 300000 8951.92 0.00061212 2.2641e+07
Coco 300000 16786.5 0.000982198 5.36068e+06
USS 300000 71102.1 0.00423088 1.82142e+06
SPAO 300000 10580.7 0.000783505 2.7182e+07
HSSO 300000 9983 0.000665703 2.87699e+07
PLNO 300000 9816.48 0.000668951 2.2755e+07
Hyper 300000 9085.94 0.000589909 2.42151e+07
Coco 300000 17216 0.000953933 5.54012e+06
USS 300000 71796.1 0.00417588 1.75513e+06
SPAO 300000 9619.31 0.000703293 2.54055e+07
HSSO 300000 10123.8 0.000789465 2.88648e+07
PLNO 300000 9348.37 0.000656258 2.26501e+07
Hyper 300000 10453.8 0.000700831 2.3947e+07
Coco 300000 18508.4 0.00107976 5.53494e+06
USS 300000 74514 0.00435274 1.97061e+06
SPAO 300000 10037 0.000676006 2.53473e+07
HSSO 300000 9837.01 0.000683804 2.83388e+07
PLNO 300000 9271.09 0.000710014 2.27426e+07
Hyper 300000 9683.82 0.000670032 2.32815e+07
Coco 300000 16370.4 0.00102241 5.38707e+06
USS 300000 71626.1 0.00430651 1.74614e+06
SPAO 300000 10079.1 0.000713629 2.61949e+07
HSSO 300000 10697.3 0.000926708 2.83651e+07
PLNO 300000 9673.82 0.000693215 2.2955e+07
Hyper 300000 7251.87 0.000548323 2.29651e+07
Coco 300000 19876.3 0.001035 5.37883e+06
USS 300000 71721.2 0.00431689 1.96382e+06
SPAO 400000 6080.45 0.000439625 2.54452e+07
HSSO 400000 5358.92 0.000375934 3.13776e+07
PLNO 400000 6611.71 0.000446408 2.23374e+07
Hyper 400000 4462.34 0.00031446 2.30401e+07
Coco 400000 12295.1 0.00077215 5.27424e+06
USS 400000 50942.8 0.00298421 1.72291e+06
SPAO 400000 5215 0.000371067 2.55272e+07
HSSO 400000 5620.92 0.000410299 2.85289e+07
PLNO 400000 9000.19 0.00104731 2.18913e+07
Hyper 400000 4777.27 0.000313089 2.27434e+07
Coco 400000 11450.6 0.000689079 5.34502e+06
USS 400000 50224.8 0.0029705 1.87019e+06
SPAO 400000 6022.87 0.000434017 2.59302e+07
HSSO 400000 5882.32 0.000421025 2.83289e+07
PLNO 400000 6494.85 0.000457515 2.17784e+07
Hyper 400000 4663.29 0.000326215 2.24244e+07
Coco 400000 16727.3 0.000866431 5.41395e+06
USS 400000 49303.6 0.00293003 1.8084e+06
SPAO 400000 5534.26 0.000462762 2.54836e+07
HSSO 400000 5848.72 0.000449034 2.8296e+07
PLNO 400000 6559.24 0.000456694 2.26247e+07
Hyper 400000 5559.86 0.000381422 2.20184e+07
Coco 400000 10917.4 0.000722787 5.31487e+06
USS 400000 49572.2 0.00294747 1.84404e+06
SPAO 400000 5236.51 0.000383654 2.65572e+07
HSSO 400000 5734.16 0.000426748 2.87518e+07
PLNO 400000 6229.31 0.000423477 2.28865e+07
Hyper 400000 4510.64 0.000314752 2.29454e+07
Coco 400000 14245.9 0.000784882 5.43271e+06
USS 400000 49518.4 0.00288782 1.67159e+06
SPAO 500000 4953.8 0.000359638 2.54705e+07
HSSO 500000 4462.16 0.000290089 2.77049e+07
PLNO 500000 9032.58 0.000593112 2.14678e+07
Hyper 500000 4354.53 0.000284381 2.26982e+07
Coco 500000 8569.01 0.000504901 5.8616e+06
USS 500000 36481.2 0.00219285 1.67079e+06
SPAO 500000 4622.03 0.00031182 2.64622e+07
HSSO 500000 5247.48 0.000367865 2.7813e+07
PLNO 500000 4411.67 0.000306265 2.10563e+07
Hyper 500000 3547.86 0.000235737 2.26446e+07
Coco 500000 7872.39 0.000492006 5.37259e+06
USS 500000 38167 0.00220704 1.65352e+06
SPAO 500000 4364.03 0.000301679 2.52025e+07
HSSO 500000 4230.13 0.000273718 2.87659e+07
PLNO 500000 5182.41 0.00037021 2.24187e+07
Hyper 500000 3894.56 0.000258225 2.47448e+07
Coco 500000 9353.61 0.000627725 7.23494e+06
USS 500000 36997.6 0.00214243 2.79701e+06
SPAO 500000 5396.39 0.000373459 3.54018e+07
HSSO 500000 5818.05 0.000428665 3.81753e+07
PLNO 500000 8927.34 0.000552423 2.9972e+07
Hyper 500000 14219.7 0.00118346 3.26141e+07
Coco 500000 9066.36 0.000589327 7.80292e+06
USS 500000 37251.5 0.00223851 1.66033e+06
SPAO 500000 4841.36 0.000375907 2.59364e+07
HSSO 500000 4390.13 0.000315844 2.81138e+07
PLNO 500000 4428.95 0.000306698 2.20316e+07
Hyper 500000 4428.84 0.000307069 2.60761e+07
Coco 500000 7993.42 0.000484394 6.65524e+06
USS 500000 37334.2 0.0021255 1.79057e+06
SPAO 600000 2545.19 0.000174671 2.56791e+07
HSSO 600000 2707.83 0.000189218 2.96079e+07
PLNO 600000 4493.17 0.00029954 2.21858e+07
Hyper 600000 2457.57 0.000179265 2.27015e+07
Coco 600000 7409.2 0.00064838 5.43432e+06
USS 600000 28950.1 0.00172461 1.66097e+06
SPAO 600000 2584.27 0.000193249 2.59244e+07
HSSO 600000 2518.22 0.000169953 2.84974e+07
PLNO 600000 5045.34 0.000352437 2.16204e+07
Hyper 600000 2382.78 0.000165264 2.23726e+07
Coco 600000 6730.79 0.000428434 5.34553e+06
USS 600000 29608.3 0.00171302 1.62269e+06
SPAO 600000 2634.12 0.000189335 2.54809e+07
HSSO 600000 2720.54 0.000219639 2.91259e+07
PLNO 600000 3334.85 0.000229625 2.22794e+07
Hyper 600000 2771.43 0.00017902 2.22185e+07
Coco 600000 6613.23 0.000402646 5.38169e+06
USS 600000 28506.3 0.00167213 1.63989e+06
SPAO 600000 2596.34 0.000182782 2.60636e+07
HSSO 600000 2821.68 0.000233165 2.87953e+07
PLNO 600000 3684.49 0.000244016 2.24234e+07
Hyper 600000 2432.35 0.000160465 2.21591e+07
Coco 600000 6897.56 0.00041909 5.32483e+06
USS 600000 28821.2 0.00172871 1.61871e+06
SPAO 600000 2670.75 0.000189692 2.60789e+07
HSSO 600000 2608.36 0.000194883 2.81288e+07
PLNO 600000 5100.63 0.000321238 2.22283e+07
Hyper 600000 2681.6 0.000179458 2.33088e+07
Coco 600000 7051.72 0.000428469 5.4155e+06
USS 600000 28962.2 0.00169597 1.62266e+06
SPAO 700000 2394.42 0.000170268 2.28532e+07
HSSO 700000 2237.04 0.000171435 3.18097e+07
PLNO 700000 2281.84 0.000151239 2.43535e+07
Hyper 700000 2632.35 0.0001695 2.53315e+07
Coco 700000 5489.24 0.000324523 6.98835e+06
USS 700000 22835 0.00132954 1.89384e+06
SPAO 700000 2337.46 0.000147508 2.60394e+07
HSSO 700000 2138.01 0.000142127 2.90296e+07
PLNO 700000 2544.96 0.00017197 2.25347e+07
Hyper 700000 1896.37 0.000127459 2.30964e+07
Coco 700000 4785.36 0.000280192 5.4179e+06
USS 700000 22723.1 0.00136075 1.61795e+06
SPAO 700000 2095.05 0.000158078 2.58513e+07
HSSO 700000 2073.39 0.000137142 2.90716e+07
PLNO 700000 2266.92 0.000153481 2.20445e+07
Hyper 700000 2003.33 0.000152121 2.27681e+07
Coco 700000 4634.21 0.00028201 5.47605e+06
USS 700000 22866.1 0.00136052 1.77299e+06
SPAO 700000 2139.46 0.000135299 2.60667e+07
HSSO 700000 2166.81 0.0001727 2.98066e+07
PLNO 700000 4444.81 0.000282879 2.29522e+07
Hyper 700000 1816.3 0.000121174 2.33538e+07
Coco 700000 4910.96 0.000307717 6.00663e+06
USS 700000 22418.5 0.00135091 1.73045e+06
SPAO 700000 2101.04 0.000155205 2.72672e+07
HSSO 700000 1923.42 0.000124238 2.90362e+07
PLNO 700000 2773.21 0.000182662 2.2313e+07
Hyper 700000 1872 0.00012363 2.39077e+07
Coco 700000 5344.33 0.00032028 5.53241e+06
USS 700000 23506.8 0.00140074 1.73251e+06
SPAO 800000 1744.14 0.000118553 2.59924e+07
HSSO 800000 1747.24 0.000132401 2.87716e+07
PLNO 800000 2026.92 0.000133277 2.21835e+07
Hyper 800000 1988 0.000129582 2.25448e+07
Coco 800000 3994.34 0.00021889 5.23004e+06
USS 800000 18717.6 0.00108122 1.62824e+06
SPAO 800000 1638.62 0.000110196 2.64427e+07
HSSO 800000 1870.92 0.000131842 2.8654e+07
PLNO 800000 1981.96 0.00014179 2.18481e+07
Hyper 800000 1828.18 0.000118962 2.22018e+07
Coco 800000 3659.81 0.000223697 5.32277e+06
USS 800000 18526.4 0.0010851 1.51848e+06
SPAO 800000 1874 0.00012376 2.59022e+07
HSSO 800000 1890.38 0.000118694 2.95158e+07
PLNO 800000 2207.71 0.000139104 2.12105e+07
Hyper 800000 1277.69 9.83634e-05 2.27176e+07
Coco 800000 4648.33 0.000280792 5.35701e+06
USS 800000 18311.2 0.00108626 1.77426e+06
SPAO 800000 1772.51 0.00012194 2.61665e+07
HSSO 800000 1617.01 0.000115306 2.89535e+07
PLNO 800000 2417.98 0.000158424 2.19813e+07
Hyper 800000 1795.2 0.000122421 2.25335e+07
Coco 800000 3957.03 0.000221908 5.4121e+06
USS 800000 18848.5 0.00110333 1.79638e+06
SPAO 800000 1798.19 0.000139761 2.62323e+07
HSSO 800000 1944.31 0.000147519 2.88929e+07
PLNO 800000 2344.43 0.000152441 2.28654e+07
Hyper 800000 1651.14 0.000112143 2.3131e+07
Coco 800000 3547.18 0.000225623 5.45892e+06
USS 800000 19038.9 0.00108186 1.91276e+06
SPAO 900000 1718.96 0.000131572 2.65309e+07
HSSO 900000 1884.16 0.000139302 2.89495e+07
PLNO 900000 2421.16 0.000142414 2.1785e+07
Hyper 900000 1391.98 8.53539e-05 2.24954e+07
Coco 900000 3834.07 0.000281994 5.31014e+06
USS 900000 15128.5 0.000893719 1.61708e+06
SPAO 900000 1519.65 0.000109908 2.56461e+07
HSSO 900000 1688.22 0.000111967 2.83033e+07
PLNO 900000 2909.96 0.000188201 2.20922e+07
Hyper 900000 1628.42 0.000116472 2.27981e+07
Coco 900000 3507.85 0.000234998 5.35969e+06
USS 900000 15344.5 0.000898122 1.6547e+06
SPAO 900000 1759.61 0.000119204 2.52626e+07
HSSO 900000 1562.33 0.000126032 2.82815e+07
PLNO 900000 2074.03 0.000130088 2.20396e+07
Hyper 900000 1364.15 8.69e-05 2.2986e+07
Coco 900000 3536.36 0.000208769 5.50227e+06
USS 900000 15301.1 0.000904227 1.66055e+06
SPAO 900000 1738.4 0.000120361 2.59122e+07
HSSO 900000 1375.76 0.00010325 2.84462e+07
PLNO 900000 2180.55 0.000140986 2.25031e+07
Hyper 900000 1232.85 8.22212e-05 2.30959e+07
Coco 900000 4370.79 0.000347185 5.33622e+06
USS 900000 15257.1 0.000903435 1.7369e+06
SPAO 900000 1679.51 0.000114724 2.53634e+07
HSSO 900000 1620.45 0.000105075 2.87921e+07
PLNO 900000 3211.63 0.000198583 2.27403e+07
Hyper 900000 1111.5 6.79605e-05 2.37175e+07
Coco 900000 3443.72 0.000203161 5.89583e+06
USS 900000 15067.8 0.000871752 1.66587e+06
SPAO 1000000 1024.62 7.4656e-05 2.61972e+07
HSSO 1000000 1086.91 7.26905e-05 2.78292e+07
PLNO 1000000 1815.3 0.000121419 2.22384e+07
Hyper 1000000 997.072 6.40661e-05 2.23522e+07
Coco 1000000 3657.38 0.000210717 5.56441e+06
USS 1000000 12889.6 0.00073332 1.65832e+06
SPAO 1000000 988.818 7.67261e-05 2.62968e+07
HSSO 1000000 1036.03 8.34097e-05 2.8885e+07
PLNO 1000000 1605.62 0.00011093 2.22564e+07
Hyper 1000000 1080.72 7.37479e-05 2.27862e+07
Coco 1000000 3199.74 0.000191853 5.30229e+06
USS 1000000 13042.9 0.000753022 1.69219e+06
SPAO 1000000 1097.94 7.15038e-05 2.56229e+07
HSSO 1000000 1199.54 9.43558e-05 2.91822e+07
PLNO 1000000 1972.18 0.000128255 2.16424e+07
Hyper 1000000 1214.47 8.61023e-05 2.27235e+07
Coco 1000000 3609.83 0.000213612 5.56471e+06
USS 1000000 12743.6 0.000747475 1.88543e+06
SPAO 1000000 1346.47 0.000117199 2.56284e+07
HSSO 1000000 1301.38 8.25548e-05 2.83143e+07
PLNO 1000000 1270.29 8.55714e-05 2.21038e+07
Hyper 1000000 1317.39 8.26194e-05 2.21163e+07
Coco 1000000 3669.49 0.000213084 5.36645e+06
USS 1000000 12529.5 0.000741014 1.58807e+06
SPAO 1000000 1208.05 7.6245e-05 2.70338e+07
HSSO 1000000 1135.71 7.52441e-05 2.81016e+07
PLNO 1000000 1488.1 9.29885e-05 2.29637e+07
Hyper 1000000 1032.53 6.88169e-05 2.396e+07
Coco 1000000 3455.98 0.000201486 5.98004e+06
USS 1000000 12677 0.000748486 1.60273e+06
