SPAO 10000 0.691466 0.157754 1.53327e+07
HSSO 10000 0.731234 0.160389 1.44782e+07
PLNO 10000 0.681366 0.154851 1.48704e+07
Hyper 10000 0.652444 0.147672 1.15415e+07
Coco 10000 2.10788 0.386148 782463
USS 10000 3.02827 0.544217 244363
SPAO 10000 0.78952 0.157453 1.59088e+07
HSSO 10000 0.726327 0.157739 1.33342e+07
PLNO 10000 0.588272 0.117125 1.33644e+07
Hyper 10000 0.727919 0.164916 1.05924e+07
Coco 10000 2.28368 0.411385 755196
USS 10000 2.60188 0.485921 258513
SPAO 10000 0.782991 0.164707 1.56773e+07
HSSO 10000 0.831046 0.170533 1.40657e+07
PLNO 10000 0.609793 0.134336 1.51506e+07
Hyper 10000 0.637982 0.137796 1.18939e+07
Coco 10000 3.64034 0.663674 782818
USS 10000 3.07442 0.59653 255529
SPAO 10000 0.843028 0.187055 1.64853e+07
HSSO 10000 0.793659 0.169841 1.38728e+07
PLNO 10000 0.74234 0.152486 1.47299e+07
Hyper 10000 0.688602 0.151086 1.10735e+07
Coco 10000 2.21275 0.412317 771720
USS 10000 2.96971 0.536294 246453
SPAO 10000 0.730576 0.178125 1.54347e+07
HSSO 10000 0.690082 0.149145 1.38332e+07
PLNO 10000 0.661812 0.153341 1.34836e+07
Hyper 10000 0.7905 0.166563 9.62359e+06
Coco 10000 2.29605 0.425895 710983
USS 10000 2.77027 0.525865 232355
SPAO 20000 0.34956 0.0794053 1.55381e+07
HSSO 20000 0.37872 0.0810217 1.52471e+07
PLNO 20000 0.326285 0.0702585 1.30676e+07
Hyper 20000 0.346593 0.0785182 1.03873e+07
Coco 20000 1.68047 0.291804 800762
USS 20000 2.3014 0.420814 254556
SPAO 20000 0.373405 0.0815726 1.62483e+07
HSSO 20000 0.350594 0.0775065 1.65662e+07
PLNO 20000 0.30545 0.0674298 1.60182e+07
Hyper 20000 0.326004 0.069137 1.2666e+07
Coco 20000 1.62384 0.295646 814259
USS 20000 2.66733 0.492819 269093
SPAO 20000 0.352743 0.0736439 1.71689e+07
HSSO 20000 0.357724 0.0781971 1.56103e+07
PLNO 20000 0.34711 0.0764305 1.58021e+07
Hyper 20000 0.321563 0.0725108 1.25202e+07
Coco 20000 1.46048 0.269489 768180
USS 20000 2.35467 0.43635 240490
SPAO 20000 0.357837 0.0755017 1.6934e+07
HSSO 20000 0.340894 0.0698327 1.60904e+07
PLNO 20000 0.35471 0.0815925 1.561e+07
Hyper 20000 0.332665 0.0727462 1.16779e+07
Coco 20000 1.57765 0.277964 788718
USS 20000 2.42175 0.452004 260272
SPAO 20000 0.362332 0.0823714 1.67622e+07
HSSO 20000 0.352986 0.0792023 1.62478e+07
PLNO 20000 0.300493 0.0633646 1.51036e+07
Hyper 20000 0.342838 0.0730439 1.17467e+07
Coco 20000 1.77146 0.299775 806496
USS 20000 2.41437 0.44751 264537
SPAO 30000 0.25906 0.0554421 1.69644e+07
HSSO 30000 0.258109 0.053509 1.68449e+07
PLNO 30000 0.229237 0.0501188 1.40035e+07
Hyper 30000 0.213964 0.0501722 1.44719e+07
Coco 30000 1.00935 0.182089 946870
USS 30000 2.30722 0.427213 308115
SPAO 30000 0.259259 0.0559726 1.78037e+07
HSSO 30000 0.285459 0.0629078 1.56146e+07
PLNO 30000 0.228324 0.0480542 1.72965e+07
Hyper 30000 0.210047 0.0475283 1.61208e+07
Coco 30000 0.932758 0.173714 941889
USS 30000 2.40169 0.443995 307228
SPAO 30000 0.262389 0.0582974 1.76817e+07
HSSO 30000 0.328836 0.0687795 1.68336e+07
PLNO 30000 0.210115 0.0472466 1.80031e+07
Hyper 30000 0.200126 0.0443305 1.62626e+07
Coco 30000 1.0824 0.195731 939621
USS 30000 2.32086 0.425828 304208
SPAO 30000 0.29179 0.0631479 1.90119e+07
HSSO 30000 0.267964 0.0538229 1.82043e+07
PLNO 30000 0.202149 0.0447704 1.71892e+07
Hyper 30000 0.231474 0.0500067 1.62219e+07
Coco 30000 0.976235 0.178879 950236
USS 30000 2.36154 0.434002 304214
SPAO 30000 0.284774 0.0595339 1.8488e+07
HSSO 30000 0.243383 0.0504975 1.79853e+07
PLNO 30000 0.22826 0.0514693 1.82406e+07
Hyper 30000 0.22064 0.0460454 1.62156e+07
Coco 30000 0.957092 0.176468 943722
USS 30000 2.22015 0.404874 307065
SPAO 40000 0.207892 0.0441911 1.98965e+07
HSSO 40000 0.181532 0.0422293 1.92649e+07
PLNO 40000 0.185362 0.0412767 1.9093e+07
Hyper 40000 0.157786 0.0356229 1.60316e+07
Coco 40000 0.692384 0.126254 989234
USS 40000 1.98174 0.367065 302787
SPAO 40000 0.177042 0.038898 1.96561e+07
HSSO 40000 0.172975 0.038312 1.8935e+07
PLNO 40000 0.165256 0.0373637 1.91678e+07
Hyper 40000 0.153534 0.0313478 1.60804e+07
Coco 40000 0.658436 0.121882 987636
USS 40000 2.39064 0.427769 302697
SPAO 40000 0.17858 0.039157 1.97656e+07
HSSO 40000 0.175435 0.0408738 1.92223e+07
PLNO 40000 0.226457 0.0496539 1.93046e+07
Hyper 40000 0.149526 0.0310836 1.59711e+07
Coco 40000 0.698803 0.126136 992797
USS 40000 2.23186 0.399887 302878
SPAO 40000 0.176789 0.0386904 2.00449e+07
HSSO 40000 0.189051 0.0428837 1.89829e+07
PLNO 40000 0.170126 0.0356334 1.92232e+07
Hyper 40000 0.153673 0.0360776 1.58766e+07
Coco 40000 0.767131 0.141906 977501
USS 40000 2.06922 0.379858 304651
SPAO 40000 0.167422 0.039168 1.97924e+07
HSSO 40000 0.159775 0.0361727 1.91788e+07
PLNO 40000 0.154843 0.0338542 1.93504e+07
Hyper 40000 0.168897 0.035665 1.56728e+07
Coco 40000 0.712734 0.131243 969303
USS 40000 2.32559 0.429727 303949
SPAO 50000 0.162475 0.0353726 1.98627e+07
HSSO 50000 0.159519 0.0348774 1.78378e+07
PLNO 50000 0.154828 0.0343225 1.94596e+07
Hyper 50000 0.122864 0.0279312 1.65527e+07
Coco 50000 0.621285 0.115933 919582
USS 50000 1.89401 0.346634 323899
SPAO 50000 0.161678 0.0342719 1.94105e+07
HSSO 50000 0.170345 0.0371004 1.79757e+07
PLNO 50000 0.120436 0.028219 1.94089e+07
Hyper 50000 0.140767 0.0291956 1.59541e+07
Coco 50000 0.562497 0.105236 924819
USS 50000 1.94667 0.354477 322962
SPAO 50000 0.16436 0.0350884 1.96748e+07
HSSO 50000 0.154144 0.0329041 1.79994e+07
PLNO 50000 0.141064 0.0277883 1.89867e+07
Hyper 50000 0.13511 0.029615 1.66091e+07
Coco 50000 0.589644 0.112438 921693
USS 50000 1.9631 0.353717 320633
SPAO 50000 0.152186 0.034127 1.98381e+07
HSSO 50000 0.143722 0.030537 1.81675e+07
PLNO 50000 0.14231 0.0301493 1.91977e+07
Hyper 50000 0.126989 0.0270982 1.65086e+07
Coco 50000 0.530562 0.0982295 924989
USS 50000 1.82232 0.329689 321336
SPAO 50000 0.172009 0.0387064 1.96224e+07
HSSO 50000 0.147039 0.0315808 1.77733e+07
PLNO 50000 0.128095 0.0277847 1.91443e+07
Hyper 50000 0.138428 0.0290388 1.65476e+07
Coco 50000 0.56681 0.104252 924344
USS 50000 1.89992 0.355477 323025
SPAO 60000 0.115651 0.0256329 2.05326e+07
HSSO 60000 0.132548 0.0287734 1.9453e+07
PLNO 60000 0.124433 0.026846 1.95357e+07
Hyper 60000 0.107646 0.0222417 1.71394e+07
Coco 60000 0.424144 0.0784744 969140
USS 60000 1.90551 0.349379 330646
SPAO 60000 0.122683 0.0255367 2.02333e+07
HSSO 60000 0.128202 0.0290564 1.97168e+07
PLNO 60000 0.110349 0.024761 1.9156e+07
Hyper 60000 0.112635 0.0249351 1.71835e+07
Coco 60000 0.434493 0.0797413 982859
USS 60000 1.75204 0.320823 331302
SPAO 60000 0.13535 0.0279873 2.05437e+07
HSSO 60000 0.119325 0.0263991 2.0145e+07
PLNO 60000 0.106965 0.0240822 1.91424e+07
Hyper 60000 0.113718 0.0256395 1.69816e+07
Coco 60000 0.512271 0.0849062 996396
USS 60000 1.88185 0.342894 326125
SPAO 60000 0.131511 0.0286396 2.04112e+07
HSSO 60000 0.126304 0.0278686 1.98275e+07
PLNO 60000 0.121794 0.0267647 1.93421e+07
Hyper 60000 0.103854 0.0227441 1.72953e+07
Coco 60000 0.471431 0.0875672 990219
USS 60000 1.75025 0.316494 325785
SPAO 60000 0.123127 0.0263459 2.02461e+07
HSSO 60000 0.121124 0.0256641 1.96063e+07
PLNO 60000 0.130892 0.0271608 1.94439e+07
Hyper 60000 0.109493 0.0234543 1.71887e+07
Coco 60000 0.449176 0.0889276 990549
USS 60000 1.68388 0.309634 297532
SPAO 70000 0.110335 0.0236363 1.88082e+07
HSSO 70000 0.110567 0.0241836 1.83233e+07
PLNO 70000 0.0950946 0.0210122 1.74682e+07
Hyper 70000 0.0858739 0.01826 1.65975e+07
Coco 70000 0.361512 0.0656525 891178
USS 70000 1.51141 0.273387 295289
SPAO 70000 0.107163 0.023775 1.86891e+07
HSSO 70000 0.114703 0.0261982 1.79888e+07
PLNO 70000 0.0900732 0.0205619 1.75711e+07
Hyper 70000 0.0855745 0.0193906 1.65844e+07
Coco 70000 0.36219 0.0653957 890583
USS 70000 1.58988 0.292686 290860
SPAO 70000 0.111025 0.0241015 1.86836e+07
HSSO 70000 0.11081 0.0268522 1.77022e+07
PLNO 70000 0.0860764 0.0194347 1.67059e+07
Hyper 70000 0.0902916 0.0199032 1.59056e+07
Coco 70000 0.413573 0.0766981 883434
USS 70000 1.54967 0.285591 287733
SPAO 70000 0.103485 0.0231269 1.81055e+07
HSSO 70000 0.132108 0.0309708 1.74694e+07
PLNO 70000 0.105452 0.0243347 1.66221e+07
Hyper 70000 0.094064 0.0204252 1.50917e+07
Coco 70000 0.409851 0.075378 884588
USS 70000 1.53874 0.28443 296832
SPAO 70000 0.125539 0.0278619 1.85708e+07
HSSO 70000 0.128608 0.0273987 1.79625e+07
PLNO 70000 0.0980649 0.0218022 1.75426e+07
Hyper 70000 0.0867851 0.0188201 1.64399e+07
Coco 70000 0.373044 0.0682348 894082
USS 70000 1.72245 0.312927 297650
SPAO 80000 0.0805451 0.0179541 1.93409e+07
HSSO 80000 0.0792931 0.017829 1.97406e+07
PLNO 80000 0.0806091 0.0186672 1.85426e+07
Hyper 80000 0.103216 0.0207726 1.64284e+07
Coco 80000 0.329067 0.0600342 909733
USS 80000 1.3277 0.245806 293017
SPAO 80000 0.0909149 0.0200103 1.98414e+07
HSSO 80000 0.0902441 0.0209683 1.98973e+07
PLNO 80000 0.0770409 0.0175934 1.86644e+07
Hyper 80000 0.087166 0.0193276 1.62775e+07
Coco 80000 0.360591 0.0675709 904713
USS 80000 1.39355 0.256171 296332
SPAO 80000 0.0845505 0.018306 1.96963e+07
HSSO 80000 0.0845693 0.0181119 1.92724e+07
PLNO 80000 0.0785565 0.0175987 1.83865e+07
Hyper 80000 0.0730677 0.0164306 1.66905e+07
Coco 80000 0.341391 0.0617684 903851
USS 80000 1.34862 0.251168 296637
SPAO 80000 0.0850052 0.0179049 1.97571e+07
HSSO 80000 0.0832227 0.0188893 1.93613e+07
PLNO 80000 0.0806792 0.0174829 1.81633e+07
Hyper 80000 0.0931059 0.0196037 1.63723e+07
Coco 80000 0.435518 0.0802121 902441
USS 80000 1.40069 0.257265 298363
SPAO 80000 0.086065 0.0188022 1.99154e+07
HSSO 80000 0.0802746 0.0169682 1.97848e+07
PLNO 80000 0.0741549 0.016336 1.84567e+07
Hyper 80000 0.0862121 0.0185845 1.63331e+07
Coco 80000 0.388257 0.0716159 911825
USS 80000 1.4841 0.272523 296626
SPAO 90000 0.0803106 0.0179097 1.9463e+07
HSSO 90000 0.0842884 0.0190514 1.92466e+07
PLNO 90000 0.0705501 0.0153722 1.86428e+07
Hyper 90000 0.0759406 0.0162926 1.60514e+07
Coco 90000 0.28181 0.0514421 929598
USS 90000 1.26456 0.234234 299036
SPAO 90000 0.0907033 0.019211 1.86322e+07
HSSO 90000 0.0809278 0.0175291 1.80878e+07
PLNO 90000 0.0699635 0.0162167 1.86012e+07
Hyper 90000 0.0745759 0.0160662 1.65917e+07
Coco 90000 0.294839 0.0546691 912286
USS 90000 1.18069 0.218652 297272
SPAO 90000 0.0965887 0.0208467 1.97767e+07
HSSO 90000 0.0966186 0.0212493 1.86976e+07
PLNO 90000 0.0761222 0.0164806 1.94348e+07
Hyper 90000 0.0714445 0.0163303 1.72509e+07
Coco 90000 0.449921 0.0820881 958133
USS 90000 1.24836 0.225947 309510
SPAO 90000 0.0908478 0.0189671 1.96026e+07
HSSO 90000 0.0880699 0.0187778 1.88777e+07
PLNO 90000 0.0703949 0.0154677 1.9313e+07
Hyper 90000 0.0789971 0.0171337 1.76803e+07
Coco 90000 0.297214 0.0547371 953643
USS 90000 1.22246 0.22434 308613
SPAO 90000 0.0805596 0.0178394 1.95225e+07
HSSO 90000 0.0905487 0.0189482 1.917e+07
PLNO 90000 0.0777454 0.0169473 1.96319e+07
Hyper 90000 0.068905 0.0153096 1.71795e+07
Coco 90000 0.281289 0.0528978 962185
USS 90000 1.25409 0.235994 320567
SPAO 100000 0.0658256 0.0142095 2.08132e+07
HSSO 100000 0.0672124 0.0150188 2.00242e+07
PLNO 100000 0.0602398 0.0134438 2.03548e+07
Hyper 100000 0.0576847 0.0136586 1.76466e+07
Coco 100000 0.253688 0.0463719 1.02663e+06
USS 100000 1.14696 0.211655 329765
SPAO 100000 0.0675213 0.0145379 2.14153e+07
HSSO 100000 0.0658359 0.0158766 1.9203e+07
PLNO 100000 0.0628581 0.0137559 2.05286e+07
Hyper 100000 0.0582781 0.0126351 1.7646e+07
Coco 100000 0.277338 0.0506659 1.03215e+06
USS 100000 1.13614 0.208825 331249
SPAO 100000 0.0685852 0.0149399 2.00363e+07
HSSO 100000 0.0669501 0.0145054 1.85516e+07
PLNO 100000 0.0613154 0.0136255 2.06457e+07
Hyper 100000 0.0646553 0.0143503 1.76011e+07
Coco 100000 0.276906 0.0508761 1.02919e+06
USS 100000 1.1341 0.206375 337647
SPAO 100000 0.0638313 0.0145562 2.10234e+07
HSSO 100000 0.0630089 0.0144495 1.86838e+07
PLNO 100000 0.073153 0.0156397 1.9223e+07
Hyper 100000 0.0582251 0.0128906 1.64964e+07
Coco 100000 0.25826 0.0470537 1.0278e+06
USS 100000 1.0543 0.194245 340561
SPAO 100000 0.066657 0.0142725 2.12393e+07
HSSO 100000 0.0638053 0.0146268 1.99643e+07
PLNO 100000 0.0673009 0.0144484 2.04725e+07
Hyper 100000 0.0661499 0.013927 1.70617e+07
Coco 100000 0.270865 0.0498544 1.00952e+06
USS 100000 1.15498 0.214475 336044
SPAO 200000 0.0323942 0.00695196 2.27439e+07
HSSO 200000 0.0298773 0.00662611 2.26369e+07
PLNO 200000 0.0364685 0.00839951 2.12763e+07
Hyper 200000 0.028487 0.00637639 1.98525e+07
Coco 200000 0.127344 0.023058 1.05308e+06
USS 200000 0.525276 0.0961363 344885
SPAO 200000 0.0320029 0.00700365 2.22238e+07
HSSO 200000 0.0357282 0.007719 2.28189e+07
PLNO 200000 0.0316301 0.00687093 2.14372e+07
Hyper 200000 0.0279211 0.00614525 2.00052e+07
Coco 200000 0.113962 0.021462 1.04973e+06
USS 200000 0.513921 0.0947741 348575
SPAO 200000 0.0334164 0.00727343 2.29123e+07
HSSO 200000 0.0337764 0.00727876 2.27486e+07
PLNO 200000 0.02823 0.00644006 2.12802e+07
Hyper 200000 0.0278535 0.00612189 1.99064e+07
Coco 200000 0.132278 0.0252649 1.08269e+06
USS 200000 0.510639 0.0932827 342433
SPAO 200000 0.0354176 0.0079151 2.28725e+07
HSSO 200000 0.0344563 0.00740372 2.25381e+07
PLNO 200000 0.0297092 0.00615457 2.16906e+07
Hyper 200000 0.0297142 0.006401 1.99405e+07
Coco 200000 0.117808 0.0214263 1.08519e+06
USS 200000 0.527268 0.0967081 348895
SPAO 200000 0.0304617 0.00683388 2.12833e+07
HSSO 200000 0.0355456 0.0076989 2.10974e+07
PLNO 200000 0.0274737 0.00607411 2.08242e+07
Hyper 200000 0.0283369 0.00636709 1.99435e+07
Coco 200000 0.124796 0.0233242 1.08361e+06
USS 200000 0.512851 0.0941186 347121
SPAO 300000 0.0220046 0.00477913 2.24307e+07
HSSO 300000 0.0194025 0.00440633 2.27869e+07
PLNO 300000 0.0212251 0.0046185 2.09352e+07
Hyper 300000 0.0179142 0.00385078 1.96856e+07
Coco 300000 0.0865759 0.0159681 1.07949e+06
USS 300000 0.343033 0.0634821 364373
SPAO 300000 0.0253756 0.00566218 2.32967e+07
HSSO 300000 0.0212141 0.00462374 2.28545e+07
PLNO 300000 0.0197526 0.00449524 2.17224e+07
Hyper 300000 0.0174647 0.00385689 2.11203e+07
Coco 300000 0.0832516 0.0156792 1.0609e+06
USS 300000 0.321316 0.0589919 362322
SPAO 300000 0.0212246 0.00505794 2.31578e+07
HSSO 300000 0.0216071 0.00462624 2.28848e+07
PLNO 300000 0.0173997 0.00395581 2.19178e+07
Hyper 300000 0.0182563 0.00387849 2.11273e+07
Coco 300000 0.0953106 0.0172919 1.09417e+06
USS 300000 0.332442 0.0606669 367147
SPAO 300000 0.023337 0.00522443 2.30967e+07
HSSO 300000 0.0219058 0.00458891 2.27628e+07
PLNO 300000 0.0220675 0.00482185 2.18128e+07
Hyper 300000 0.0209256 0.0047809 2.11657e+07
Coco 300000 0.0863069 0.0158264 1.09361e+06
USS 300000 0.327246 0.0598418 368362
SPAO 300000 0.022605 0.00506245 2.33282e+07
HSSO 300000 0.0217814 0.00490053 2.23558e+07
PLNO 300000 0.0198664 0.0044791 2.04958e+07
Hyper 300000 0.0174911 0.00388403 1.97532e+07
Coco 300000 0.0820421 0.0150266 1.08959e+06
USS 300000 0.325369 0.0608882 368145
SPAO 400000 0.0137436 0.00295847 2.3572e+07
HSSO 400000 0.0154792 0.00353037 2.33403e+07
PLNO 400000 0.0144504 0.00312347 2.1338e+07
Hyper 400000 0.0127309 0.00276732 2.12129e+07
Coco 400000 0.0772225 0.0142769 1.06109e+06
USS 400000 0.251153 0.0458446 361262
SPAO 400000 0.0142236 0.00326001 2.37947e+07
HSSO 400000 0.0157368 0.00358347 2.381e+07
PLNO 400000 0.013438 0.00293286 2.17087e+07
Hyper 400000 0.0132571 0.00311141 2.12592e+07
Coco 400000 0.0599584 0.0112138 1.08634e+06
USS 400000 0.234659 0.0425517 363818
SPAO 400000 0.0142137 0.00311027 2.38503e+07
HSSO 400000 0.0142097 0.00324474 2.38655e+07
PLNO 400000 0.0121275 0.00264024 2.1796e+07
Hyper 400000 0.0124123 0.00282293 2.11962e+07
Coco 400000 0.0616225 0.0112869 1.09779e+06
USS 400000 0.239663 0.0441141 358528
SPAO 400000 0.0147096 0.00332481 2.26167e+07
HSSO 400000 0.0148874 0.0036548 2.2404e+07
PLNO 400000 0.0127272 0.00276613 2.03451e+07
Hyper 400000 0.0133082 0.00297077 2.10969e+07
Coco 400000 0.0594041 0.0107575 1.09632e+06
USS 400000 0.253695 0.0469133 370504
SPAO 400000 0.0151055 0.00352038 2.39627e+07
HSSO 400000 0.0151404 0.0033919 2.33885e+07
PLNO 400000 0.0161853 0.0035279 2.19163e+07
Hyper 400000 0.012078 0.00282304 2.1113e+07
Coco 400000 0.0662166 0.0122342 1.06334e+06
USS 400000 0.238547 0.0438796 374405
SPAO 500000 0.0106406 0.00231951 2.40096e+07
HSSO 500000 0.0115182 0.00253 2.40133e+07
PLNO 500000 0.0103515 0.00233634 2.21646e+07
Hyper 500000 0.0114081 0.00247033 1.99249e+07
Coco 500000 0.0636071 0.0118646 1.0641e+06
USS 500000 0.195677 0.0359684 370334
SPAO 500000 0.010835 0.00253199 2.43467e+07
HSSO 500000 0.010251 0.00227894 2.38454e+07
PLNO 500000 0.00958105 0.0021402 2.22651e+07
Hyper 500000 0.0128171 0.00276668 1.96738e+07
Coco 500000 0.053938 0.0101148 1.0824e+06
USS 500000 0.190457 0.0351574 364794
SPAO 500000 0.0108067 0.00249353 2.30128e+07
HSSO 500000 0.0107706 0.00233231 2.26596e+07
PLNO 500000 0.00921384 0.00201596 2.09446e+07
Hyper 500000 0.0108326 0.00247212 1.97826e+07
Coco 500000 0.0494807 0.00898418 1.08301e+06
USS 500000 0.190887 0.0351539 376508
SPAO 500000 0.0110527 0.00246821 2.46208e+07
HSSO 500000 0.0106699 0.00232011 2.42315e+07
PLNO 500000 0.00946016 0.00211577 2.22455e+07
Hyper 500000 0.010212 0.0020638 1.98096e+07
Coco 500000 0.0501808 0.00920491 1.04743e+06
USS 500000 0.195763 0.0358678 380461
SPAO 500000 0.0108948 0.00257719 2.44093e+07
HSSO 500000 0.0111713 0.0025021 2.39935e+07
PLNO 500000 0.0116227 0.00248034 2.23174e+07
Hyper 500000 0.0115685 0.00249091 1.99019e+07
Coco 500000 0.0596417 0.0109775 1.07175e+06
USS 500000 0.194171 0.0355429 372818
SPAO 600000 0.00798487 0.00184388 2.48669e+07
HSSO 600000 0.0080743 0.00183582 2.33851e+07
PLNO 600000 0.00931331 0.00216482 2.23971e+07
Hyper 600000 0.00804098 0.00182415 2.15969e+07
Coco 600000 0.0404889 0.00750491 1.10278e+06
USS 600000 0.156824 0.0285964 368909
SPAO 600000 0.00824461 0.00183645 2.48813e+07
HSSO 600000 0.00854829 0.00185546 2.17427e+07
PLNO 600000 0.00793301 0.0017272 2.10407e+07
Hyper 600000 0.00742407 0.00171198 2.00789e+07
Coco 600000 0.0472569 0.00867119 1.10411e+06
USS 600000 0.163824 0.0299388 361939
SPAO 600000 0.0083552 0.00189077 2.42896e+07
HSSO 600000 0.00773751 0.00173463 2.3455e+07
PLNO 600000 0.0077009 0.0016879 2.24164e+07
Hyper 600000 0.00771235 0.0017788 2.16156e+07
Coco 600000 0.0459163 0.00847752 1.07256e+06
USS 600000 0.154 0.0286215 363779
SPAO 600000 0.00880267 0.00180283 2.47708e+07
HSSO 600000 0.0076452 0.00172294 2.33771e+07
PLNO 600000 0.00767321 0.00163509 2.2459e+07
Hyper 600000 0.00721644 0.00165097 2.15646e+07
Coco 600000 0.0397736 0.00719654 1.09265e+06
USS 600000 0.161898 0.0298828 369027
SPAO 600000 0.00805605 0.00178545 2.49472e+07
HSSO 600000 0.00789794 0.00174039 2.33491e+07
PLNO 600000 0.0084315 0.00185851 2.24975e+07
Hyper 600000 0.00766497 0.00173727 2.15165e+07
Coco 600000 0.0390852 0.00727873 1.10522e+06
USS 600000 0.161274 0.0295057 364468
SPAO 700000 0.00707963 0.00158549 2.43444e+07
HSSO 700000 0.00826274 0.00166952 2.21187e+07
PLNO 700000 0.00651537 0.0013812 2.08444e+07
Hyper 700000 0.00578237 0.00124609 2.065e+07
Coco 700000 0.0338119 0.00634175 1.10327e+06
USS 700000 0.135929 0.0249315 382259
SPAO 700000 0.00719523 0.00166039 2.51444e+07
HSSO 700000 0.00758902 0.0016722 2.35925e+07
PLNO 700000 0.00733413 0.0015307 2.2515e+07
Hyper 700000 0.0067725 0.00148972 2.19955e+07
Coco 700000 0.0322175 0.00595281 1.07116e+06
USS 700000 0.133942 0.0247606 378783
SPAO 700000 0.00761932 0.0016566 2.51367e+07
HSSO 700000 0.00701786 0.00154392 2.33943e+07
PLNO 700000 0.00613201 0.00135171 2.23087e+07
Hyper 700000 0.00620304 0.00142147 2.1758e+07
Coco 700000 0.0326652 0.00605893 1.10292e+06
USS 700000 0.131286 0.0242431 377913
SPAO 700000 0.00757692 0.0017006 2.37477e+07
HSSO 700000 0.00786662 0.00166883 2.34351e+07
PLNO 700000 0.00697886 0.00145303 2.24117e+07
Hyper 700000 0.00741791 0.00161209 2.19127e+07
Coco 700000 0.0360262 0.00651719 1.10507e+06
USS 700000 0.136195 0.0251756 385624
SPAO 700000 0.0071903 0.00159215 2.51815e+07
HSSO 700000 0.00732809 0.0015534 2.34928e+07
PLNO 700000 0.00625977 0.001361 2.2338e+07
Hyper 700000 0.00646293 0.00145956 2.17027e+07
Coco 700000 0.033587 0.00621028 1.07237e+06
USS 700000 0.131503 0.0241571 378623
SPAO 800000 0.00614102 0.0013522 2.53232e+07
HSSO 800000 0.00607377 0.00140516 2.42965e+07
PLNO 800000 0.00562442 0.00122591 2.22469e+07
Hyper 800000 0.00598325 0.0013142 2.18112e+07
Coco 800000 0.0347048 0.00645367 1.07753e+06
USS 800000 0.118179 0.0216522 372951
SPAO 800000 0.00623272 0.00133837 2.53688e+07
HSSO 800000 0.00656346 0.00140267 2.43264e+07
PLNO 800000 0.00571056 0.00122263 2.2237e+07
Hyper 800000 0.00472167 0.00103949 2.20319e+07
Coco 800000 0.027851 0.00516586 1.09891e+06
USS 800000 0.111354 0.0204042 377633
SPAO 800000 0.00601101 0.00134918 2.52581e+07
HSSO 800000 0.00703989 0.00155488 2.28558e+07
PLNO 800000 0.00528477 0.00117513 2.08894e+07
Hyper 800000 0.00549294 0.00118579 2.06024e+07
Coco 800000 0.0286927 0.00532311 1.09634e+06
USS 800000 0.112186 0.0208059 380038
SPAO 800000 0.00628572 0.00141956 2.43601e+07
HSSO 800000 0.00608699 0.0013379 2.38198e+07
PLNO 800000 0.00554422 0.00121422 2.21527e+07
Hyper 800000 0.00545426 0.00130297 2.18936e+07
Coco 800000 0.0300534 0.00554796 1.05938e+06
USS 800000 0.115505 0.0211365 380612
SPAO 800000 0.00568106 0.00128241 2.51659e+07
HSSO 800000 0.00589423 0.00128419 2.40641e+07
PLNO 800000 0.00573062 0.00124676 2.18844e+07
Hyper 800000 0.00546921 0.0012222 2.17956e+07
Coco 800000 0.0279064 0.00545309 1.08144e+06
USS 800000 0.116418 0.0214306 375956
SPAO 900000 0.00506253 0.00110773 2.55737e+07
HSSO 900000 0.00488082 0.00106491 2.42804e+07
PLNO 900000 0.00567538 0.00123238 2.24224e+07
Hyper 900000 0.00457852 0.00100553 2.19509e+07
Coco 900000 0.0342 0.00613546 1.07213e+06
USS 900000 0.0982394 0.018233 374628
SPAO 900000 0.00467598 0.00106031 2.51311e+07
HSSO 900000 0.00462948 0.00100324 2.39828e+07
PLNO 900000 0.0044227 0.000961458 2.12826e+07
Hyper 900000 0.00494253 0.00113698 2.07665e+07
Coco 900000 0.0324856 0.00556733 1.06022e+06
USS 900000 0.100101 0.0184627 376837
SPAO 900000 0.00545665 0.00120189 2.51834e+07
HSSO 900000 0.00490412 0.00110388 2.4153e+07
PLNO 900000 0.00418106 0.000877648 2.24518e+07
Hyper 900000 0.00433621 0.000942548 2.20391e+07
Coco 900000 0.0269396 0.00499478 1.03847e+06
USS 900000 0.101918 0.0187746 377762
SPAO 900000 0.00461513 0.00103006 2.5453e+07
HSSO 900000 0.00504389 0.00110413 2.4319e+07
PLNO 900000 0.00438938 0.000999478 2.21061e+07
Hyper 900000 0.00487054 0.00104704 2.21996e+07
Coco 900000 0.0303081 0.00553072 1.07251e+06
USS 900000 0.101265 0.0187207 379021
SPAO 900000 0.0049391 0.00111868 2.32823e+07
HSSO 900000 0.00491396 0.00106164 2.41062e+07
PLNO 900000 0.0046527 0.00105592 2.24789e+07
Hyper 900000 0.00532313 0.00118822 2.18727e+07
Coco 900000 0.0280487 0.00520878 1.07109e+06
USS 900000 0.100447 0.0183957 379948
SPAO 1000000 0.00472709 0.00103645 2.52278e+07
HSSO 1000000 0.00461013 0.00101665 2.43351e+07
PLNO 1000000 0.00450952 0.00104803 2.2515e+07
Hyper 1000000 0.0055201 0.00132945 2.11065e+07
Coco 1000000 0.0225665 0.0041377 1.04958e+06
USS 1000000 0.0915655 0.0168769 369823
SPAO 1000000 0.00457425 0.00103045 2.55848e+07
HSSO 1000000 0.00506757 0.00105981 2.40456e+07
PLNO 1000000 0.00367689 0.00078502 2.25546e+07
Hyper 1000000 0.00397371 0.000828114 2.21677e+07
Coco 1000000 0.0241984 0.00448399 1.03707e+06
USS 1000000 0.0917308 0.0168426 374834
SPAO 1000000 0.00446293 0.000955242 2.53623e+07
HSSO 1000000 0.00426945 0.00102938 2.42965e+07
PLNO 1000000 0.00420582 0.000881025 2.19846e+07
Hyper 1000000 0.00353792 0.000778325 2.2124e+07
Coco 1000000 0.0287215 0.00525927 1.07441e+06
USS 1000000 0.0885897 0.0161917 375175
SPAO 1000000 0.00677002 0.0015731 2.40378e+07
HSSO 1000000 0.00485229 0.00112309 2.43809e+07
PLNO 1000000 0.00427142 0.000993576 2.23324e+07
Hyper 1000000 0.00353423 0.000793898 2.20948e+07
Coco 1000000 0.0225769 0.00420372 1.07144e+06
USS 1000000 0.092641 0.0170089 376688
SPAO 1000000 0.00476201 0.00105746 2.52439e+07
HSSO 1000000 0.00437546 0.000995891 2.43077e+07
PLNO 1000000 0.00413806 0.000960662 2.25854e+07
Hyper 1000000 0.00348773 0.00073021 2.151e+07
Coco 1000000 0.0229437 0.00418766 1.0489e+06
USS 1000000 0.0914211 0.0167216 374106
