SPAO 10000 1.49289e+07 0.0987223 1.55826e+07
HSSO 10000 1.47401e+07 0.088646 1.32075e+07
PLNO 10000 1.62274e+07 0.106507 1.157e+07
Hyper 10000 1.30582e+07 0.0958861 1.13326e+07
Coco 10000 2.96482e+07 0.16302 1.07212e+06
USS 10000 1.13171e+08 0.613612 400389
SPAO 10000 1.4816e+07 0.0908249 2.37676e+07
HSSO 10000 1.38917e+07 0.0914141 1.59222e+07
PLNO 10000 1.47405e+07 0.0996443 1.23669e+07
Hyper 10000 1.39184e+07 0.0931588 1.30724e+07
Coco 10000 2.60272e+07 0.156911 1.21994e+06
USS 10000 1.04578e+08 0.627168 357116
SPAO 10000 1.41841e+07 0.109468 1.48024e+07
HSSO 10000 1.46114e+07 0.0969793 1.45682e+07
PLNO 10000 1.63052e+07 0.117016 1.21536e+07
Hyper 10000 1.4046e+07 0.0972654 1.18021e+07
Coco 10000 2.51997e+07 0.152002 1.06441e+06
USS 10000 1.0626e+08 0.618703 364041
SPAO 10000 1.44978e+07 0.109209 1.55768e+07
HSSO 10000 1.3786e+07 0.101168 1.46919e+07
PLNO 10000 1.55815e+07 0.10319 1.25349e+07
Hyper 10000 1.39376e+07 0.0872507 1.20518e+07
Coco 10000 2.95674e+07 0.155904 1.0626e+06
USS 10000 1.10555e+08 0.585667 363549
SPAO 10000 1.54129e+07 0.106215 1.5253e+07
HSSO 10000 1.38678e+07 0.090589 1.45519e+07
PLNO 10000 1.50731e+07 0.0979853 1.27223e+07
Hyper 10000 1.23635e+07 0.0814007 1.17324e+07
Coco 10000 2.71431e+07 0.149139 1.05971e+06
USS 10000 1.07503e+08 0.599904 415253
SPAO 20000 7.57829e+06 0.0558359 2.34382e+07
HSSO 20000 7.78229e+06 0.0551524 1.56021e+07
PLNO 20000 8.59498e+06 0.0553171 1.3568e+07
Hyper 20000 8.80865e+06 0.0550626 1.2729e+07
Coco 20000 1.49258e+07 0.083046 1.14916e+06
USS 20000 5.19164e+07 0.294312 365995
SPAO 20000 7.97088e+06 0.0566612 1.66006e+07
HSSO 20000 7.14628e+06 0.051776 1.46753e+07
PLNO 20000 6.85613e+06 0.0494248 1.33215e+07
Hyper 20000 6.79871e+06 0.0431217 1.27838e+07
Coco 20000 1.44783e+07 0.0758096 1.13183e+06
USS 20000 5.69776e+07 0.310896 404078
SPAO 20000 7.74114e+06 0.0521062 1.61212e+07
HSSO 20000 7.3862e+06 0.0558368 1.48004e+07
PLNO 20000 8.59765e+06 0.0568883 1.34322e+07
Hyper 20000 7.72236e+06 0.0584566 1.20411e+07
Coco 20000 1.32108e+07 0.0756037 1.12106e+06
USS 20000 5.29532e+07 0.308749 365475
SPAO 20000 8.00487e+06 0.0596713 1.57509e+07
HSSO 20000 7.14018e+06 0.0496097 1.50488e+07
PLNO 20000 8.33839e+06 0.0510852 1.36746e+07
Hyper 20000 7.11713e+06 0.0483315 1.29211e+07
Coco 20000 1.28437e+07 0.0779058 1.14524e+06
USS 20000 5.32439e+07 0.301531 385976
SPAO 20000 7.96261e+06 0.0519815 1.66442e+07
HSSO 20000 7.56979e+06 0.0502711 1.51382e+07
PLNO 20000 7.09201e+06 0.0510511 1.38513e+07
Hyper 20000 6.35214e+06 0.0424485 1.26676e+07
Coco 20000 1.29199e+07 0.0784572 1.14648e+06
USS 20000 5.145e+07 0.300339 365519
SPAO 30000 5.54668e+06 0.0366686 1.80684e+07
HSSO 30000 5.43276e+06 0.0366812 1.6656e+07
PLNO 30000 4.49965e+06 0.0314737 1.44318e+07
Hyper 30000 4.01805e+06 0.0287122 1.38387e+07
Coco 30000 8.81446e+06 0.0505416 1.38948e+06
USS 30000 3.47102e+07 0.205708 439812
SPAO 30000 5.43113e+06 0.0404333 1.68477e+07
HSSO 30000 5.97291e+06 0.0441224 1.74265e+07
PLNO 30000 4.59505e+06 0.0315189 1.42756e+07
Hyper 30000 4.32649e+06 0.0303539 1.39297e+07
Coco 30000 8.69401e+06 0.0517921 1.19144e+06
USS 30000 3.67898e+07 0.205956 368352
SPAO 30000 4.87041e+06 0.0332097 1.74981e+07
HSSO 30000 5.46963e+06 0.0390394 1.65342e+07
PLNO 30000 4.71902e+06 0.034647 1.47793e+07
Hyper 30000 4.15953e+06 0.027973 1.48565e+07
Coco 30000 8.88522e+06 0.0525128 1.18036e+06
USS 30000 3.66469e+07 0.202519 393765
SPAO 30000 5.82811e+06 0.0410759 1.71463e+07
HSSO 30000 5.51646e+06 0.0386435 1.63896e+07
PLNO 30000 5.54454e+06 0.0353456 1.3849e+07
Hyper 30000 3.79883e+06 0.0278706 1.29697e+07
Coco 30000 9.02766e+06 0.0517602 1.16033e+06
USS 30000 3.72639e+07 0.206973 359759
SPAO 30000 4.6743e+06 0.0336125 1.75844e+07
HSSO 30000 4.87067e+06 0.0330351 1.46975e+07
PLNO 30000 1.72734e+07 0.0944985 9.169e+06
Hyper 30000 4.44919e+06 0.0303058 1.29599e+07
Coco 30000 9.03542e+06 0.0510253 1.16355e+06
USS 30000 3.64428e+07 0.205843 424392
SPAO 40000 3.76857e+06 0.0237865 1.77768e+07
HSSO 40000 3.71143e+06 0.0257404 1.66427e+07
PLNO 40000 3.77865e+06 0.0252212 1.47651e+07
Hyper 40000 3.57249e+06 0.0254398 1.37728e+07
Coco 40000 8.41181e+06 0.0467368 1.18832e+06
USS 40000 2.69914e+07 0.154197 371649
SPAO 40000 3.92052e+06 0.0254631 1.77562e+07
HSSO 40000 3.8138e+06 0.026542 1.67589e+07
PLNO 40000 3.41806e+06 0.0232336 1.47178e+07
Hyper 40000 3.25564e+06 0.0223 1.33729e+07
Coco 40000 7.12701e+06 0.041958 1.17972e+06
USS 40000 2.75864e+07 0.157844 388233
SPAO 40000 3.57618e+06 0.0246337 1.84289e+07
HSSO 40000 4.02449e+06 0.0295403 1.69758e+07
PLNO 40000 5.2449e+06 0.0362127 1.50068e+07
Hyper 40000 3.60454e+06 0.0233838 1.4239e+07
Coco 40000 6.86212e+06 0.0427838 1.20385e+06
USS 40000 2.61895e+07 0.156269 364688
SPAO 40000 3.81911e+06 0.0265962 1.90667e+07
HSSO 40000 3.83184e+06 0.0261154 1.60985e+07
PLNO 40000 3.85338e+06 0.025151 1.44598e+07
Hyper 40000 3.80208e+06 0.0253605 1.38416e+07
Coco 40000 7.60923e+06 0.0421729 1.22859e+06
USS 40000 2.84171e+07 0.158017 367750
SPAO 40000 3.6264e+06 0.0248682 1.73433e+07
HSSO 40000 3.83395e+06 0.0302297 1.69639e+07
PLNO 40000 6.13679e+06 0.0439564 1.47042e+07
Hyper 40000 3.31493e+06 0.021656 1.43434e+07
Coco 40000 6.8992e+06 0.03919 1.17849e+06
USS 40000 2.68507e+07 0.156329 362091
SPAO 50000 3.19268e+06 0.0229234 1.65027e+07
HSSO 50000 2.95489e+06 0.0215376 1.69115e+07
PLNO 50000 2.66137e+06 0.0181178 1.53081e+07
Hyper 50000 2.41086e+06 0.0173109 1.39136e+07
Coco 50000 6.15989e+06 0.0371955 1.51369e+06
USS 50000 2.28717e+07 0.124061 409247
SPAO 50000 3.44203e+06 0.0225788 1.79572e+07
HSSO 50000 3.36717e+06 0.0247089 1.65078e+07
PLNO 50000 2.85897e+06 0.0197314 1.49817e+07
Hyper 50000 2.64872e+06 0.0196546 1.3228e+07
Coco 50000 7.56173e+06 0.0377994 1.18796e+06
USS 50000 2.20067e+07 0.126392 373768
SPAO 50000 3.46679e+06 0.0232681 1.80932e+07
HSSO 50000 3.33428e+06 0.0225806 1.74731e+07
PLNO 50000 2.79052e+06 0.0202419 1.51177e+07
Hyper 50000 2.34218e+06 0.0168579 1.50354e+07
Coco 50000 6.30112e+06 0.0362378 1.18571e+06
USS 50000 2.19939e+07 0.124611 391606
SPAO 50000 3.25758e+06 0.0216354 1.80212e+07
HSSO 50000 3.28909e+06 0.0249994 1.66721e+07
PLNO 50000 3.05872e+06 0.0204375 1.44376e+07
Hyper 50000 2.54864e+06 0.0176202 1.34367e+07
Coco 50000 5.65808e+06 0.0336001 1.15121e+06
USS 50000 2.28507e+07 0.12942 360976
SPAO 50000 2.84078e+06 0.0187035 1.78107e+07
HSSO 50000 3.57636e+06 0.0261388 1.72641e+07
PLNO 50000 2.78827e+06 0.0194417 1.52705e+07
Hyper 50000 2.39213e+06 0.016921 1.43336e+07
Coco 50000 5.66986e+06 0.0335904 1.18717e+06
USS 50000 2.24982e+07 0.123282 409685
SPAO 60000 2.49738e+06 0.0172701 1.84131e+07
HSSO 60000 2.6416e+06 0.0178506 1.6506e+07
PLNO 60000 2.36828e+06 0.0162479 1.38079e+07
Hyper 60000 2.22516e+06 0.0156329 1.39476e+07
Coco 60000 4.44977e+06 0.0253337 1.23453e+06
USS 60000 1.87374e+07 0.104819 374170
SPAO 60000 2.5913e+06 0.0176012 1.84666e+07
HSSO 60000 2.64768e+06 0.0182635 1.8933e+07
PLNO 60000 2.4399e+06 0.0201473 1.50798e+07
Hyper 60000 2.28748e+06 0.0153143 1.43469e+07
Coco 60000 4.6652e+06 0.0281625 1.23539e+06
USS 60000 1.83166e+07 0.104916 390765
SPAO 60000 2.44949e+06 0.0155874 1.83344e+07
HSSO 60000 2.50873e+06 0.016966 1.7628e+07
PLNO 60000 2.26938e+06 0.0158352 1.50948e+07
Hyper 60000 2.07554e+06 0.0143797 1.44873e+07
Coco 60000 4.61648e+06 0.0258307 1.23941e+06
USS 60000 1.8091e+07 0.104578 365519
SPAO 60000 2.78069e+06 0.0195586 1.95854e+07
HSSO 60000 2.75354e+06 0.017852 1.77479e+07
PLNO 60000 2.42085e+06 0.015857 1.44267e+07
Hyper 60000 1.90013e+06 0.0129246 1.48663e+07
Coco 60000 4.47444e+06 0.0270881 1.21602e+06
USS 60000 1.80483e+07 0.103485 374747
SPAO 60000 2.46214e+06 0.0175543 1.75551e+07
HSSO 60000 2.43035e+06 0.016392 1.79725e+07
PLNO 60000 2.43466e+06 0.0167119 1.46708e+07
Hyper 60000 2.00214e+06 0.014767 1.48858e+07
Coco 60000 4.58184e+06 0.0271311 1.23963e+06
USS 60000 1.79009e+07 0.107079 372816
SPAO 70000 2.19995e+06 0.0161371 1.86355e+07
HSSO 70000 2.65812e+06 0.0181224 1.65987e+07
PLNO 70000 2.0229e+06 0.0137916 1.54097e+07
Hyper 70000 1.9852e+06 0.0150623 1.26378e+07
Coco 70000 3.87673e+06 0.022641 1.29884e+06
USS 70000 1.51391e+07 0.0889404 422029
SPAO 70000 2.17116e+06 0.0159328 1.83589e+07
HSSO 70000 2.47496e+06 0.0178023 1.7268e+07
PLNO 70000 2.00526e+06 0.013382 1.65439e+07
Hyper 70000 2.07571e+06 0.0137276 1.30754e+07
Coco 70000 4.18192e+06 0.0236637 1.21981e+06
USS 70000 1.56812e+07 0.0915268 377592
SPAO 70000 2.3696e+06 0.0160467 1.99793e+07
HSSO 70000 2.45023e+06 0.0154844 1.73861e+07
PLNO 70000 1.92664e+06 0.0129098 1.70827e+07
Hyper 70000 1.82694e+06 0.0122818 1.41869e+07
Coco 70000 4.21078e+06 0.0235563 1.24463e+06
USS 70000 1.57359e+07 0.0905141 374766
SPAO 70000 2.09641e+06 0.0148482 1.90798e+07
HSSO 70000 2.22429e+06 0.0156721 1.81895e+07
PLNO 70000 2.13573e+06 0.0144983 1.54084e+07
Hyper 70000 1.84189e+06 0.0130777 1.31576e+07
Coco 70000 3.98607e+06 0.02523 1.22891e+06
USS 70000 1.5469e+07 0.0889503 372370
SPAO 70000 2.17073e+06 0.014879 1.88152e+07
HSSO 70000 2.33089e+06 0.0163859 1.76367e+07
PLNO 70000 2.03809e+06 0.0136016 1.61213e+07
Hyper 70000 1.79693e+06 0.0121271 1.32806e+07
Coco 70000 4.4048e+06 0.0238444 1.23621e+06
USS 70000 1.54973e+07 0.0897875 386146
SPAO 80000 1.84965e+06 0.0129275 1.87976e+07
HSSO 80000 2.05544e+06 0.0147467 1.75703e+07
PLNO 80000 1.99384e+06 0.0130158 1.46532e+07
Hyper 80000 1.66557e+06 0.011652 1.37705e+07
Coco 80000 3.2769e+06 0.0188466 1.23234e+06
USS 80000 1.36494e+07 0.0775764 365509
SPAO 80000 1.86466e+06 0.0123958 1.86242e+07
HSSO 80000 1.82497e+06 0.0119492 1.81338e+07
PLNO 80000 1.76271e+06 0.0127931 1.53388e+07
Hyper 80000 1.78438e+06 0.0123753 1.58539e+07
Coco 80000 3.18738e+06 0.01949 1.25449e+06
USS 80000 1.33323e+07 0.077784 377163
SPAO 80000 1.90243e+06 0.0130446 1.68934e+07
HSSO 80000 1.92499e+06 0.0162347 1.74737e+07
PLNO 80000 1.65461e+06 0.0113358 1.41272e+07
Hyper 80000 1.78442e+06 0.0112688 1.53165e+07
Coco 80000 3.42436e+06 0.0202326 1.21865e+06
USS 80000 1.3564e+07 0.0770249 367934
SPAO 80000 1.646e+06 0.011812 1.88959e+07
HSSO 80000 1.94136e+06 0.0130462 1.75099e+07
PLNO 80000 1.82037e+06 0.0121282 1.36003e+07
Hyper 80000 1.79951e+06 0.0118906 1.46066e+07
Coco 80000 3.23751e+06 0.0185504 1.22102e+06
USS 80000 1.36727e+07 0.0781755 377334
SPAO 80000 2.01529e+06 0.0138359 1.97658e+07
HSSO 80000 1.97831e+06 0.0150221 1.8241e+07
PLNO 80000 1.88446e+06 0.0145247 1.48083e+07
Hyper 80000 1.65134e+06 0.0110018 1.47736e+07
Coco 80000 3.28782e+06 0.018929 1.21083e+06
USS 80000 1.38148e+07 0.0795189 362601
SPAO 90000 1.59991e+06 0.0102922 1.91574e+07
HSSO 90000 1.48196e+06 0.0116281 1.79727e+07
PLNO 90000 1.48094e+06 0.0102777 1.56826e+07
Hyper 90000 1.7407e+06 0.0123309 1.50329e+07
Coco 90000 3.09176e+06 0.0171736 1.24408e+06
USS 90000 1.20186e+07 0.0696814 473866
SPAO 90000 1.52007e+06 0.0108361 1.79568e+07
HSSO 90000 1.68329e+06 0.0105308 1.75206e+07
PLNO 90000 1.5615e+06 0.0104093 1.46189e+07
Hyper 90000 1.75644e+06 0.0110096 1.41265e+07
Coco 90000 2.94712e+06 0.0170012 1.20764e+06
USS 90000 1.22324e+07 0.0703299 363344
SPAO 90000 1.71232e+06 0.0114332 1.8e+07
HSSO 90000 1.51237e+06 0.0111729 1.79265e+07
PLNO 90000 1.50399e+06 0.0104394 1.57902e+07
Hyper 90000 1.66617e+06 0.0105867 1.5117e+07
Coco 90000 2.76655e+06 0.0166474 1.22948e+06
USS 90000 1.18369e+07 0.0697227 393905
SPAO 90000 1.69398e+06 0.0108511 1.83462e+07
HSSO 90000 1.66997e+06 0.0116164 1.77532e+07
PLNO 90000 1.39764e+06 0.00927677 1.59111e+07
Hyper 90000 1.53171e+06 0.0101113 1.40487e+07
Coco 90000 3.12631e+06 0.0170636 1.24343e+06
USS 90000 1.18793e+07 0.0702464 374536
SPAO 90000 1.5286e+06 0.0103618 1.89368e+07
HSSO 90000 1.82657e+06 0.0128194 1.81511e+07
PLNO 90000 1.36511e+06 0.00911012 1.55099e+07
Hyper 90000 1.70346e+06 0.0107617 1.5184e+07
Coco 90000 2.99786e+06 0.0175997 1.25034e+06
USS 90000 1.22993e+07 0.0703259 395349
SPAO 100000 1.52792e+06 0.00977373 1.92122e+07
HSSO 100000 1.56864e+06 0.0104063 1.79305e+07
PLNO 100000 1.30295e+06 0.00894973 1.57104e+07
Hyper 100000 1.50084e+06 0.00916324 1.50413e+07
Coco 100000 3.40964e+06 0.0177307 1.31332e+06
USS 100000 1.04311e+07 0.0605227 377162
SPAO 100000 1.32745e+06 0.00945525 1.93252e+07
HSSO 100000 1.55098e+06 0.0111425 1.90457e+07
PLNO 100000 1.18335e+06 0.00827941 1.58435e+07
Hyper 100000 1.29835e+06 0.00886786 1.58928e+07
Coco 100000 2.96879e+06 0.0172916 1.24548e+06
USS 100000 1.06146e+07 0.0620973 391815
SPAO 100000 1.39084e+06 0.0106717 1.91829e+07
HSSO 100000 1.47732e+06 0.0104579 1.84946e+07
PLNO 100000 1.37402e+06 0.00964663 1.53803e+07
Hyper 100000 1.29865e+06 0.00915297 1.50099e+07
Coco 100000 3.4899e+06 0.020073 1.22861e+06
USS 100000 1.09791e+07 0.0627984 377144
SPAO 100000 1.47395e+06 0.010471 1.9305e+07
HSSO 100000 1.43256e+06 0.0100167 1.84359e+07
PLNO 100000 1.31118e+06 0.00877558 1.4778e+07
Hyper 100000 1.16257e+06 0.00769113 1.63934e+07
Coco 100000 3.08294e+06 0.0186146 1.21528e+06
USS 100000 1.08506e+07 0.0624176 400140
SPAO 100000 1.56077e+06 0.0109898 1.93816e+07
HSSO 100000 1.47296e+06 0.00991527 1.85172e+07
PLNO 100000 1.36436e+06 0.00964159 1.5871e+07
Hyper 100000 1.22079e+06 0.00827622 1.54596e+07
Coco 100000 3.14474e+06 0.0180105 1.24421e+06
USS 100000 1.0644e+07 0.0620196 379190
SPAO 200000 603245 0.00414367 2.01246e+07
HSSO 200000 619911 0.00457627 1.85999e+07
PLNO 200000 676115 0.00503632 1.71308e+07
Hyper 200000 599640 0.00390282 1.61449e+07
Coco 200000 1.51744e+06 0.00945228 1.24392e+06
USS 200000 5.23086e+06 0.0301728 426723
SPAO 200000 606283 0.00442722 2.8265e+07
HSSO 200000 640164 0.0046604 2.66031e+07
PLNO 200000 636419 0.00407872 2.21091e+07
Hyper 200000 506262 0.00351496 1.98532e+07
Coco 200000 1.49266e+06 0.00880676 1.247e+06
USS 200000 5.0728e+06 0.02965 387056
SPAO 200000 641770 0.00445389 2.01282e+07
HSSO 200000 617957 0.00404128 1.79253e+07
PLNO 200000 636481 0.00428009 1.62106e+07
Hyper 200000 646984 0.00419279 1.51398e+07
Coco 200000 1.32924e+06 0.00819351 1.23687e+06
USS 200000 5.29747e+06 0.030063 383557
SPAO 200000 639508 0.00427723 2.12837e+07
HSSO 200000 583966 0.00404869 2.11506e+07
PLNO 200000 562251 0.00382897 2.27791e+07
Hyper 200000 536690 0.00360194 2.23676e+07
Coco 200000 1.56689e+06 0.00899144 1.31297e+06
USS 200000 5.21673e+06 0.0302497 395185
SPAO 200000 612004 0.00435462 1.86445e+07
HSSO 200000 638373 0.00442591 1.88834e+07
PLNO 200000 818195 0.00639663 1.62067e+07
Hyper 200000 561353 0.00380701 1.59343e+07
Coco 200000 1.5958e+06 0.00981982 1.23518e+06
USS 200000 5.21098e+06 0.0303512 379273
SPAO 300000 374921 0.0025823 1.98258e+07
HSSO 300000 391192 0.00275609 1.91982e+07
PLNO 300000 377991 0.00260421 1.71585e+07
Hyper 300000 339656 0.00233073 1.88823e+07
Coco 300000 883672 0.00505536 1.22735e+06
USS 300000 3.36806e+06 0.0193098 382348
SPAO 300000 395429 0.00275487 1.99104e+07
HSSO 300000 392316 0.00268989 1.85288e+07
PLNO 300000 490456 0.00315409 1.62884e+07
Hyper 300000 312325 0.00216944 1.56679e+07
Coco 300000 843251 0.00488023 1.23665e+06
USS 300000 3.38177e+06 0.0193683 380493
SPAO 300000 405483 0.00278283 1.98565e+07
HSSO 300000 374569 0.00257132 1.83907e+07
PLNO 300000 374948 0.00257828 2.00767e+07
Hyper 300000 349007 0.00238195 2.18919e+07
Coco 300000 878824 0.0052294 1.26494e+06
USS 300000 3.30866e+06 0.0191214 383021
SPAO 300000 389165 0.00290962 2.09141e+07
HSSO 300000 408495 0.00283488 1.89969e+07
PLNO 300000 461779 0.00333083 1.6651e+07
Hyper 300000 410929 0.00287095 1.6788e+07
Coco 300000 964260 0.00533337 1.24466e+06
USS 300000 3.35755e+06 0.0192039 379882
SPAO 300000 406166 0.00279679 1.99118e+07
HSSO 300000 372850 0.00256074 1.87726e+07
PLNO 300000 445710 0.00297706 1.70954e+07
Hyper 300000 326647 0.00222205 1.55846e+07
Coco 300000 819765 0.00567526 1.27603e+06
USS 300000 3.38418e+06 0.0196389 382850
SPAO 400000 308010 0.00194223 1.98475e+07
HSSO 400000 290307 0.00196003 1.84605e+07
PLNO 400000 258785 0.00185639 1.67453e+07
Hyper 400000 259635 0.00167232 1.6583e+07
Coco 400000 612185 0.00335497 1.22846e+06
USS 400000 2.47311e+06 0.0142883 378492
SPAO 400000 306411 0.0020829 2.17068e+07
HSSO 400000 281074 0.00185501 2.04821e+07
PLNO 400000 260103 0.00171697 1.97151e+07
Hyper 400000 550628 0.00327633 2.26284e+07
Coco 400000 599801 0.00355432 1.78444e+06
USS 400000 2.43359e+06 0.0140576 409851
SPAO 400000 292120 0.00211912 1.9907e+07
HSSO 400000 281015 0.00187432 1.9498e+07
PLNO 400000 255668 0.00182922 1.7301e+07
Hyper 400000 270588 0.00180037 1.56973e+07
Coco 400000 632753 0.00365645 1.22072e+06
USS 400000 2.44655e+06 0.0142211 377720
SPAO 400000 289983 0.00226107 1.94014e+07
HSSO 400000 268629 0.00178675 1.97377e+07
PLNO 400000 398784 0.00249026 1.68351e+07
Hyper 400000 288040 0.00193374 1.65647e+07
Coco 400000 646387 0.00370137 1.22777e+06
USS 400000 2.44779e+06 0.014125 406166
SPAO 400000 305014 0.00219524 1.92327e+07
HSSO 400000 294778 0.00189175 2.00053e+07
PLNO 400000 316779 0.00226261 1.63073e+07
Hyper 400000 240707 0.00165916 1.7061e+07
Coco 400000 615217 0.0035631 1.29345e+06
USS 400000 2.45727e+06 0.0142395 387554
SPAO 500000 187008 0.00135286 1.99994e+07
HSSO 500000 199871 0.00130856 2.03221e+07
PLNO 500000 199579 0.00125089 1.64298e+07
Hyper 500000 190473 0.00119007 1.61076e+07
Coco 500000 505743 0.002877 1.244e+06
USS 500000 1.8917e+06 0.0109767 416992
SPAO 500000 191005 0.00129512 2.06017e+07
HSSO 500000 185378 0.00127468 2.10662e+07
PLNO 500000 183037 0.00115968 1.89905e+07
Hyper 500000 169179 0.00120275 1.80513e+07
Coco 500000 502344 0.00279788 1.27563e+06
USS 500000 1.90041e+06 0.0110167 389625
SPAO 500000 198444 0.00131533 1.98264e+07
HSSO 500000 194990 0.00129315 1.89296e+07
PLNO 500000 167045 0.00117999 1.66634e+07
Hyper 500000 223193 0.00137821 1.82651e+07
Coco 500000 508010 0.00284895 1.24985e+06
USS 500000 1.90672e+06 0.0110809 406732
SPAO 500000 183199 0.00125519 2.35586e+07
HSSO 500000 193464 0.00128652 2.08476e+07
PLNO 500000 195821 0.00144024 1.72796e+07
Hyper 500000 220317 0.001585 1.83087e+07
Coco 500000 478882 0.00279639 1.34419e+06
USS 500000 1.9279e+06 0.0109872 386848
SPAO 500000 196733 0.00135361 2.17146e+07
HSSO 500000 194055 0.00136255 2.08286e+07
PLNO 500000 209463 0.00137652 1.63226e+07
Hyper 500000 163956 0.00107229 1.85939e+07
Coco 500000 514812 0.00293588 1.32635e+06
USS 500000 1.9161e+06 0.0109748 423145
SPAO 600000 169968 0.0011869 2.16187e+07
HSSO 600000 152349 0.00100491 1.90725e+07
PLNO 600000 145274 0.00101257 1.75837e+07
Hyper 600000 231260 0.00143212 1.74363e+07
Coco 600000 371439 0.0021772 1.31143e+06
USS 600000 1.53732e+06 0.0088517 401975
SPAO 600000 150599 0.00103958 2.0071e+07
HSSO 600000 157791 0.00102979 1.86169e+07
PLNO 600000 139458 0.000892915 1.6685e+07
Hyper 600000 141811 0.000973089 1.70052e+07
Coco 600000 359013 0.00207954 1.26663e+06
USS 600000 1.57015e+06 0.00900175 470862
SPAO 600000 157016 0.00116702 2.13236e+07
HSSO 600000 154167 0.00105492 2.0853e+07
PLNO 600000 148181 0.00105424 1.69039e+07
Hyper 600000 157151 0.00103015 1.77093e+07
Coco 600000 363356 0.00206882 1.25356e+06
USS 600000 1.55278e+06 0.00899229 406839
SPAO 600000 168171 0.00122346 2.13435e+07
HSSO 600000 170042 0.00109683 1.99842e+07
PLNO 600000 167422 0.00111399 1.74598e+07
Hyper 600000 127792 0.000904444 1.74931e+07
Coco 600000 356722 0.00215053 1.28752e+06
USS 600000 1.53912e+06 0.00881657 426041
SPAO 600000 155275 0.00108105 2.32135e+07
HSSO 600000 157004 0.00108 2.11675e+07
PLNO 600000 164205 0.00105299 1.80732e+07
Hyper 600000 159962 0.00104636 1.77499e+07
Coco 600000 361128 0.00214972 1.29736e+06
USS 600000 1.52746e+06 0.00869967 397689
SPAO 700000 126695 0.0008786 2.20899e+07
HSSO 700000 138183 0.000926676 2.15998e+07
PLNO 700000 132884 0.000887995 1.81634e+07
Hyper 700000 104147 0.000689054 1.413e+07
Coco 700000 325757 0.00190454 1.38671e+06
USS 700000 1.26658e+06 0.00740918 399954
SPAO 700000 145959 0.00118797 2.28789e+07
HSSO 700000 133810 0.000876784 2.20514e+07
PLNO 700000 139704 0.000992713 1.82395e+07
Hyper 700000 131360 0.00083038 1.66306e+07
Coco 700000 335993 0.00188192 1.30266e+06
USS 700000 1.31565e+06 0.00756525 393413
SPAO 700000 126883 0.000884683 2.18527e+07
HSSO 700000 130823 0.000877437 1.94498e+07
PLNO 700000 123420 0.0008235 1.79137e+07
Hyper 700000 103398 0.000689088 1.52002e+07
Coco 700000 315505 0.0018575 1.27595e+06
USS 700000 1.31244e+06 0.00746904 410332
SPAO 700000 139156 0.000911508 2.17035e+07
HSSO 700000 149284 0.0010136 2.189e+07
PLNO 700000 113824 0.000755879 1.76829e+07
Hyper 700000 104561 0.000725983 1.55636e+07
Coco 700000 318968 0.00186853 1.25556e+06
USS 700000 1.31368e+06 0.00745233 365559
SPAO 700000 115128 0.00079816 2.14316e+07
HSSO 700000 128998 0.000829347 2.06269e+07
PLNO 700000 152010 0.000956159 1.62056e+07
Hyper 700000 95033.7 0.000606126 1.65938e+07
Coco 700000 330092 0.00189831 1.24502e+06
USS 700000 1.29193e+06 0.00747264 373263
SPAO 800000 102012 0.000727399 1.93438e+07
HSSO 800000 93747.5 0.000658018 1.97927e+07
PLNO 800000 88023.4 0.000599099 1.68199e+07
Hyper 800000 91225.5 0.000628042 1.66501e+07
Coco 800000 275422 0.00158342 1.29358e+06
USS 800000 1.1264e+06 0.00640465 387412
SPAO 800000 100440 0.000668318 2.231e+07
HSSO 800000 92975.3 0.000642914 1.95449e+07
PLNO 800000 88171.4 0.00058782 1.66894e+07
Hyper 800000 82253.9 0.00058483 1.60466e+07
Coco 800000 291804 0.00171142 1.3745e+06
USS 800000 1.11507e+06 0.00641416 467106
SPAO 800000 93714.8 0.000650993 2.22408e+07
HSSO 800000 94322.2 0.000649086 2.0908e+07
PLNO 800000 99418 0.000631138 1.77304e+07
Hyper 800000 80504.3 0.000545303 1.77047e+07
Coco 800000 297386 0.00167993 1.24342e+06
USS 800000 1.13226e+06 0.00645114 402832
SPAO 800000 99882 0.000682023 2.15514e+07
HSSO 800000 98349.9 0.000639242 2.09363e+07
PLNO 800000 80395.1 0.000571477 1.67009e+07
Hyper 800000 128358 0.000741651 1.73636e+07
Coco 800000 282913 0.00164325 1.27994e+06
USS 800000 1.13984e+06 0.00654294 424482
SPAO 800000 102112 0.000738654 2.15566e+07
HSSO 800000 99265.7 0.000667884 2.0071e+07
PLNO 800000 161066 0.000956357 1.82493e+07
Hyper 800000 136550 0.00100724 1.68615e+07
Coco 800000 289769 0.00159625 1.27552e+06
USS 800000 1.1068e+06 0.0064176 399926
SPAO 900000 87120 0.000600724 2.13206e+07
HSSO 900000 95285 0.000667485 2.11266e+07
PLNO 900000 82240.4 0.000547995 1.84698e+07
Hyper 900000 84801.2 0.000553235 1.81338e+07
Coco 900000 229268 0.00130959 1.28675e+06
USS 900000 964868 0.00554933 406965
SPAO 900000 83544.8 0.000560635 2.14104e+07
HSSO 900000 84630.7 0.000552845 2.10612e+07
PLNO 900000 133178 0.00081363 1.80968e+07
Hyper 900000 84381.6 0.000574567 1.86723e+07
Coco 900000 231458 0.00134305 1.26993e+06
USS 900000 983048 0.00560447 376770
SPAO 900000 83782.3 0.000576002 2.13316e+07
HSSO 900000 87260.3 0.000609428 2.12875e+07
PLNO 900000 93092.6 0.000600591 1.81791e+07
Hyper 900000 108519 0.000689309 1.79893e+07
Coco 900000 234466 0.00132769 1.2938e+06
USS 900000 991615 0.00565029 414851
SPAO 900000 83816.6 0.000576471 2.35765e+07
HSSO 900000 86761.9 0.000571848 2.12903e+07
PLNO 900000 78573.6 0.000540136 2.25732e+07
Hyper 900000 80428.8 0.000523012 1.94639e+07
Coco 900000 230383 0.00127469 1.30541e+06
USS 900000 975940 0.00566443 377658
SPAO 900000 81693.5 0.000559431 2.30792e+07
HSSO 900000 84200.5 0.000559177 2.11103e+07
PLNO 900000 71906.6 0.000444824 1.79937e+07
Hyper 900000 82719.3 0.00056255 1.81881e+07
Coco 900000 230828 0.001316 1.24655e+06
USS 900000 959708 0.0055784 384861
SPAO 1000000 64523.3 0.000404231 2.17379e+07
HSSO 1000000 59674.6 0.000396358 1.90441e+07
PLNO 1000000 70455.7 0.000477082 1.83575e+07
Hyper 1000000 107248 0.000709328 1.82183e+07
Coco 1000000 189479 0.00111239 1.21197e+06
USS 1000000 854206 0.004967 386340
SPAO 1000000 63986 0.000442692 2.18379e+07
HSSO 1000000 61662.9 0.000519726 2.05599e+07
PLNO 1000000 60098.8 0.00041305 1.69166e+07
Hyper 1000000 88428.5 0.00099037 1.70809e+07
Coco 1000000 209605 0.00117143 1.30281e+06
USS 1000000 854959 0.00494087 495928
SPAO 1000000 60323.5 0.000404146 2.1561e+07
HSSO 1000000 62858.2 0.000419035 2.10961e+07
PLNO 1000000 63212.7 0.000444558 1.66002e+07
Hyper 1000000 80839.3 0.000506469 1.62867e+07
Coco 1000000 185021 0.00108745 1.27283e+06
USS 1000000 855794 0.00493395 420351
SPAO 1000000 67718.9 0.000489174 2.18965e+07
HSSO 1000000 64803.8 0.000437837 2.0904e+07
PLNO 1000000 68090.9 0.000458425 1.8141e+07
Hyper 1000000 77177.8 0.000533864 1.83803e+07
Coco 1000000 187199 0.00110007 1.28493e+06
USS 1000000 854677 0.00487395 431500
SPAO 1000000 68201.3 0.000463472 2.17036e+07
HSSO 1000000 60664.5 0.000401675 2.12572e+07
PLNO 1000000 71514.1 0.000505264 1.74442e+07
Hyper 1000000 69460.2 0.000507405 1.83177e+07
Coco 1000000 191904 0.00113361 1.20922e+06
USS 1000000 861068 0.00493595 387474
