SPAO 50000 772634 0.0301865 2.80789e+07
HSSO 50000 713278 0.0272561 2.82671e+07
PLNO 50000 638945 0.0255182 2.18855e+07
Hyper 50000 659599 0.0258424 2.24563e+07
Coco 50000 1.50439e+06 0.046033 1.66402e+06
USS 50000 4.95753e+06 0.164728 549611
SPAO 100000 352434 0.0131299 2.81825e+07
HSSO 100000 413900 0.0151665 2.77812e+07
PLNO 100000 330918 0.0131308 2.3507e+07
Hyper 100000 313631 0.0116551 2.41685e+07
Coco 100000 745986 0.0250414 1.6474e+06
USS 100000 2.4566e+06 0.0829983 587235
SPAO 200000 143714 0.00538319 3.02969e+07
HSSO 200000 137049 0.00531193 3.08399e+07
PLNO 200000 130422 0.00502582 2.41255e+07
Hyper 200000 144187 0.00528024 2.30172e+07
Coco 200000 289896 0.00974082 1.77006e+06
USS 200000 1.22147e+06 0.0408828 613915
SPAO 50000 963020 0.0359454 2.65838e+07
HSSO 50000 832386 0.0311898 2.61319e+07
PLNO 50000 658156 0.0247615 2.05393e+07
Hyper 50000 682158 0.0250617 2.18271e+07
Coco 50000 1.23538e+06 0.0430738 1.69964e+06
USS 50000 5.27868e+06 0.1716 550841
SPAO 100000 355396 0.0134105 2.84439e+07
HSSO 100000 392885 0.0143128 2.78116e+07
PLNO 100000 328249 0.0124713 2.36258e+07
Hyper 100000 294294 0.0108061 2.4394e+07
Coco 100000 732416 0.023628 1.76012e+06
USS 100000 2.55564e+06 0.0840615 573977
SPAO 200000 148849 0.00579849 3.06961e+07
HSSO 200000 150061 0.00593169 3.21032e+07
PLNO 200000 129614 0.00478714 2.7296e+07
Hyper 200000 141804 0.00520657 2.55348e+07
Coco 200000 298294 0.0100347 1.82286e+06
USS 200000 1.224e+06 0.0412928 609983
SPAO 50000 787081 0.0290089 2.83253e+07
HSSO 50000 796479 0.0314091 2.81665e+07
PLNO 50000 698492 0.026635 2.2663e+07
Hyper 50000 657211 0.0263817 2.27413e+07
Coco 50000 1.37378e+06 0.0459523 1.71532e+06
USS 50000 5.06487e+06 0.168295 553327
SPAO 100000 370512 0.014114 2.76787e+07
HSSO 100000 351070 0.013454 2.82069e+07
PLNO 100000 304572 0.0116075 2.38848e+07
Hyper 100000 291441 0.0108111 2.45532e+07
Coco 100000 749921 0.0238191 1.7696e+06
USS 100000 2.50371e+06 0.0828317 583145
SPAO 200000 155369 0.00629858 3.10424e+07
HSSO 200000 145791 0.00544957 3.19778e+07
PLNO 200000 144803 0.00562777 2.71913e+07
Hyper 200000 159768 0.00571454 2.5321e+07
Coco 200000 296527 0.0101016 1.80058e+06
USS 200000 1.18483e+06 0.0402955 626892
SPAO 50000 961628 0.0371952 2.88723e+07
HSSO 50000 790452 0.0316558 2.78841e+07
PLNO 50000 623817 0.0236068 2.261e+07
Hyper 50000 699193 0.0280505 2.26988e+07
Coco 50000 1.45114e+06 0.0462562 1.63746e+06
USS 50000 5.04863e+06 0.168501 568445
SPAO 100000 345538 0.0127381 2.89317e+07
HSSO 100000 375435 0.0138265 2.81045e+07
PLNO 100000 280865 0.0109646 2.38733e+07
Hyper 100000 324388 0.01232 2.34565e+07
Coco 100000 657802 0.0225005 1.70765e+06
USS 100000 2.4935e+06 0.0836102 596979
SPAO 200000 145374 0.00560721 2.89761e+07
HSSO 200000 144423 0.00562816 2.98314e+07
PLNO 200000 146436 0.00547669 2.52706e+07
Hyper 200000 146501 0.00559148 2.40804e+07
Coco 200000 294322 0.0100489 1.83329e+06
USS 200000 1.22981e+06 0.0407938 630500
SPAO 50000 799226 0.031616 2.67335e+07
HSSO 50000 726850 0.0272347 2.64435e+07
PLNO 50000 652415 0.0250297 2.10036e+07
Hyper 50000 708616 0.0271581 2.29186e+07
Coco 50000 1.51045e+06 0.0498455 1.72074e+06
USS 50000 5.13352e+06 0.169964 559022
SPAO 100000 342141 0.0130513 2.89038e+07
HSSO 100000 364004 0.0137871 2.80676e+07
PLNO 100000 298132 0.0120621 2.39929e+07
Hyper 100000 303792 0.0113607 2.46967e+07
Coco 100000 617989 0.0218003 1.78851e+06
USS 100000 2.40996e+06 0.0809948 584211
SPAO 200000 152849 0.00600417 3.11661e+07
HSSO 200000 153746 0.00575512 3.2071e+07
PLNO 200000 140083 0.00592125 2.76711e+07
Hyper 200000 172800 0.00756592 2.57619e+07
Coco 200000 290810 0.0100237 1.84821e+06
USS 200000 1.17714e+06 0.0399417 613307
