SPAO 50000 1.27642e+06 0.04819 1.46288e+07
HSSO 50000 1.17804e+06 0.043982 1.54873e+07
PLNO 50000 1.27494e+06 0.049179 1.17193e+07
Hyper 50000 959129 0.0363223 1.04208e+07
Coco 50000 4.95986e+06 0.161915 440079
USS 50000 1.67555e+07 0.542089 181234
SPAO 100000 637348 0.0240293 1.50343e+07
HSSO 100000 576476 0.0214615 1.67693e+07
PLNO 100000 539386 0.0212472 1.22809e+07
Hyper 100000 517240 0.0196902 1.16427e+07
Coco 100000 2.25759e+06 0.0762918 493243
USS 100000 7.90825e+06 0.254046 186667
SPAO 200000 271462 0.0103465 1.55187e+07
HSSO 200000 268236 0.0104062 1.35038e+07
PLNO 200000 276303 0.00994653 1.00826e+07
Hyper 200000 285947 0.0103849 1.22948e+07
Coco 200000 1.13537e+06 0.038832 511084
USS 200000 3.67211e+06 0.121946 201058
SPAO 50000 1.23802e+06 0.0453954 1.45837e+07
HSSO 50000 1.23412e+06 0.0459544 1.51851e+07
PLNO 50000 1.11355e+06 0.0428358 1.17339e+07
Hyper 50000 1.13748e+06 0.043814 1.02901e+07
Coco 50000 5.07689e+06 0.159486 428230
USS 50000 1.57925e+07 0.514948 176545
SPAO 100000 643629 0.022833 1.48725e+07
HSSO 100000 565682 0.0217682 1.55492e+07
PLNO 100000 523031 0.0192857 1.1989e+07
Hyper 100000 511383 0.0185865 1.1355e+07
Coco 100000 2.36892e+06 0.0755112 476706
USS 100000 7.52436e+06 0.248848 194395
SPAO 200000 278861 0.0103969 1.58655e+07
HSSO 200000 284238 0.0106355 1.69826e+07
PLNO 200000 271026 0.010307 1.29795e+07
Hyper 200000 348017 0.013024 1.14879e+07
Coco 200000 1.16498e+06 0.0401071 524827
USS 200000 3.71363e+06 0.12187 230299
SPAO 50000 1.46919e+06 0.0563223 1.55496e+07
HSSO 50000 1.65124e+06 0.0584637 1.69852e+07
PLNO 50000 1.09725e+06 0.0429032 1.26702e+07
Hyper 50000 1.04878e+06 0.0417584 1.08698e+07
Coco 50000 4.99378e+06 0.162907 494419
USS 50000 1.61517e+07 0.519715 198927
SPAO 100000 607939 0.0231675 1.64933e+07
HSSO 100000 619506 0.0241058 1.75986e+07
PLNO 100000 552197 0.0199466 1.37615e+07
Hyper 100000 551658 0.020653 1.23888e+07
Coco 100000 2.25101e+06 0.0749367 542629
USS 100000 7.61462e+06 0.252219 220355
SPAO 200000 270190 0.0103515 1.77228e+07
HSSO 200000 289213 0.011262 1.87834e+07
PLNO 200000 264852 0.00974621 1.44347e+07
Hyper 200000 246087 0.00935942 1.3458e+07
Coco 200000 1.18314e+06 0.0394061 567822
USS 200000 3.75298e+06 0.123215 229899
SPAO 50000 1.33395e+06 0.0494198 1.62508e+07
HSSO 50000 1.56331e+06 0.0556012 1.71441e+07
PLNO 50000 1.21039e+06 0.0440113 1.29774e+07
Hyper 50000 1.07437e+06 0.0402692 1.15915e+07
Coco 50000 5.40326e+06 0.165543 495665
USS 50000 1.63132e+07 0.532745 201287
SPAO 100000 591640 0.0220545 1.62556e+07
HSSO 100000 573914 0.0233288 1.74915e+07
PLNO 100000 540066 0.0198685 1.36952e+07
Hyper 100000 474046 0.0179158 1.24305e+07
Coco 100000 2.1531e+06 0.0737845 544707
USS 100000 7.54362e+06 0.250824 224401
SPAO 200000 270392 0.0105082 1.76429e+07
HSSO 200000 254429 0.00970634 1.8879e+07
PLNO 200000 235892 0.00884747 1.45158e+07
Hyper 200000 251373 0.00925922 1.35027e+07
Coco 200000 1.19674e+06 0.0394967 574624
USS 200000 3.67411e+06 0.122047 231383
SPAO 50000 1.29142e+06 0.0512747 1.60993e+07
HSSO 50000 1.2663e+06 0.0462007 1.6476e+07
PLNO 50000 988247 0.0366095 1.32418e+07
Hyper 50000 1.01769e+06 0.0377543 1.17131e+07
Coco 50000 4.99543e+06 0.162626 497801
USS 50000 1.59943e+07 0.524393 198276
SPAO 100000 575837 0.0228422 1.64639e+07
HSSO 100000 593644 0.0233951 1.76073e+07
PLNO 100000 527103 0.0201726 1.3835e+07
Hyper 100000 538005 0.0209043 1.14629e+07
Coco 100000 2.27212e+06 0.0744969 548788
USS 100000 7.67261e+06 0.246615 219592
SPAO 200000 259802 0.0100434 1.77904e+07
HSSO 200000 287790 0.0113243 1.85077e+07
PLNO 200000 247204 0.00938818 1.34171e+07
Hyper 200000 259901 0.00977532 1.24376e+07
Coco 200000 1.14808e+06 0.0407004 576850
USS 200000 3.67721e+06 0.123242 229400
