SPAO 50000 1.23572e+06 0.0487497 1.46266e+07
HSSO 50000 1.19477e+06 0.0512098 1.57571e+07
PLNO 50000 1.10874e+06 0.0481462 1.24271e+07
Hyper 50000 1.07491e+06 0.0443713 1.06462e+07
Coco 50000 6.44045e+06 0.219014 466929
USS 50000 1.95973e+07 0.652192 197422
SPAO 100000 647029 0.0250375 1.52187e+07
HSSO 100000 600988 0.0232235 1.65193e+07
PLNO 100000 525603 0.0212811 1.32417e+07
Hyper 100000 560273 0.0221448 1.0747e+07
Coco 100000 2.89927e+06 0.101921 472072
USS 100000 9.41338e+06 0.324407 203699
SPAO 200000 298906 0.011878 1.51045e+07
HSSO 200000 260315 0.00999233 1.62584e+07
PLNO 200000 293655 0.0112193 1.3503e+07
Hyper 200000 273246 0.0104385 1.22294e+07
Coco 200000 1.45513e+06 0.0518734 510618
USS 200000 4.62842e+06 0.159569 197853
SPAO 50000 1.35092e+06 0.052964 1.45666e+07
HSSO 50000 1.41848e+06 0.0549557 1.55476e+07
PLNO 50000 1.24364e+06 0.050837 1.22994e+07
Hyper 50000 1.16438e+06 0.0479272 1.05687e+07
Coco 50000 6.3568e+06 0.212869 468072
USS 50000 1.84385e+07 0.625251 196496
SPAO 100000 666826 0.0257183 1.4071e+07
HSSO 100000 644546 0.0248017 1.54328e+07
PLNO 100000 642932 0.0246634 1.31249e+07
Hyper 100000 573628 0.0221134 1.1546e+07
Coco 100000 3.016e+06 0.10318 467907
USS 100000 9.31909e+06 0.324527 204750
SPAO 200000 283247 0.0112607 1.58873e+07
HSSO 200000 283215 0.0111446 1.71298e+07
PLNO 200000 277421 0.010704 1.35394e+07
Hyper 200000 286612 0.0114008 1.22809e+07
Coco 200000 1.5734e+06 0.0547316 512309
USS 200000 4.51955e+06 0.16001 200930
SPAO 50000 1.28563e+06 0.0490621 1.47199e+07
HSSO 50000 1.28795e+06 0.0493439 1.59145e+07
PLNO 50000 1.2237e+06 0.0489437 1.22271e+07
Hyper 50000 1.51157e+06 0.054196 9.70807e+06
Coco 50000 6.28705e+06 0.211567 468766
USS 50000 1.86582e+07 0.626364 197049
SPAO 100000 607374 0.0238028 1.49816e+07
HSSO 100000 574548 0.0222551 1.63715e+07
PLNO 100000 533846 0.0204027 1.34003e+07
Hyper 100000 473533 0.0189451 1.16737e+07
Coco 100000 3.04173e+06 0.101909 472680
USS 100000 9.39457e+06 0.324512 205593
SPAO 200000 252452 0.0100442 1.57659e+07
HSSO 200000 287114 0.0117665 1.71687e+07
PLNO 200000 253618 0.0102253 1.36313e+07
Hyper 200000 230414 0.00924715 1.22479e+07
Coco 200000 1.65786e+06 0.0567253 510409
USS 200000 4.60606e+06 0.159381 200687
SPAO 50000 1.10017e+06 0.0430422 1.37045e+07
HSSO 50000 1.24225e+06 0.0512925 1.45773e+07
PLNO 50000 1.21155e+06 0.0488526 1.21709e+07
Hyper 50000 1.08737e+06 0.0411256 1.07213e+07
Coco 50000 6.62612e+06 0.220955 465686
USS 50000 1.83692e+07 0.60975 192428
SPAO 100000 638418 0.0250505 1.4974e+07
HSSO 100000 593325 0.0235099 1.64315e+07
PLNO 100000 529964 0.0213987 1.33967e+07
Hyper 100000 547602 0.0213327 1.15032e+07
Coco 100000 2.9154e+06 0.101961 463192
USS 100000 9.59009e+06 0.325629 203781
SPAO 200000 286429 0.0111984 1.5341e+07
HSSO 200000 262067 0.0102758 1.59462e+07
PLNO 200000 262113 0.0101748 1.36255e+07
Hyper 200000 257507 0.0101637 1.22432e+07
Coco 200000 1.60809e+06 0.0557639 510087
USS 200000 4.61718e+06 0.160747 187193
SPAO 50000 1.20562e+06 0.0486886 1.32614e+07
HSSO 50000 1.25323e+06 0.050652 1.40053e+07
PLNO 50000 1.27185e+06 0.0506448 1.04474e+07
Hyper 50000 1.1654e+06 0.0425629 9.48299e+06
Coco 50000 6.51041e+06 0.219608 406227
USS 50000 1.95544e+07 0.643817 160523
SPAO 100000 586958 0.0235664 1.39537e+07
HSSO 100000 636318 0.0245307 1.46826e+07
PLNO 100000 603843 0.0240265 1.2052e+07
Hyper 100000 517986 0.0206223 8.76326e+06
Coco 100000 3.08905e+06 0.105981 406525
USS 100000 9.40821e+06 0.329877 152727
SPAO 200000 274707 0.0109301 1.43185e+07
HSSO 200000 267074 0.0105284 1.39488e+07
PLNO 200000 276872 0.011187 1.10491e+07
Hyper 200000 236540 0.00922946 9.42174e+06
Coco 200000 1.52744e+06 0.0549009 430144
USS 200000 4.53562e+06 0.158282 175062
