SPAO 50000 1.44354e+06 0.0632559 1.43557e+07
HSSO 50000 1.42634e+06 0.0546157 1.38056e+07
PLNO 50000 1.11774e+06 0.0431137 1.0247e+07
Hyper 50000 1.13737e+06 0.0410539 7.6611e+06
Coco 50000 8.13714e+06 0.267635 359701
USS 50000 2.15493e+07 0.710511 165160
SPAO 100000 637914 0.0237983 1.42462e+07
HSSO 100000 685340 0.027482 1.35043e+07
PLNO 100000 554654 0.0215996 1.21123e+07
Hyper 100000 579673 0.021758 9.13002e+06
Coco 100000 3.73956e+06 0.126702 384039
USS 100000 1.16925e+07 0.381437 163829
SPAO 200000 300491 0.011596 1.52326e+07
HSSO 200000 286876 0.011238 1.4945e+07
PLNO 200000 329165 0.0127809 1.22843e+07
Hyper 200000 280655 0.0108836 1.0566e+07
Coco 200000 1.87219e+06 0.0620478 393583
USS 200000 5.61225e+06 0.185817 172173
SPAO 50000 1.24718e+06 0.0479897 1.41735e+07
HSSO 50000 1.4689e+06 0.0596416 1.37356e+07
PLNO 50000 1.18465e+06 0.0463106 1.15973e+07
Hyper 50000 1.12855e+06 0.0420763 8.56394e+06
Coco 50000 8.81243e+06 0.269896 361975
USS 50000 2.1501e+07 0.691875 163050
SPAO 100000 636881 0.024966 1.52446e+07
HSSO 100000 608762 0.0227535 1.46224e+07
PLNO 100000 606250 0.0234791 1.21556e+07
Hyper 100000 549723 0.0215164 9.19883e+06
Coco 100000 3.90012e+06 0.130915 385050
USS 100000 1.14864e+07 0.374844 162849
SPAO 200000 321789 0.012157 1.5515e+07
HSSO 200000 301665 0.011933 1.40477e+07
PLNO 200000 300903 0.0111802 1.2395e+07
Hyper 200000 378399 0.0140629 1.05633e+07
Coco 200000 1.82181e+06 0.0610974 339893
USS 200000 5.51693e+06 0.185208 157191
SPAO 50000 1.2592e+06 0.0507776 1.34019e+07
HSSO 50000 1.25019e+06 0.0477293 1.35677e+07
PLNO 50000 1.18362e+06 0.0459821 1.15975e+07
Hyper 50000 1.10666e+06 0.0413061 8.65102e+06
Coco 50000 8.56688e+06 0.272995 358513
USS 50000 2.27514e+07 0.709082 163642
SPAO 100000 608575 0.0228078 1.55092e+07
HSSO 100000 656533 0.0263392 1.49371e+07
PLNO 100000 600195 0.0223616 1.19227e+07
Hyper 100000 564618 0.0208773 9.2139e+06
Coco 100000 3.77343e+06 0.134324 387261
USS 100000 1.12388e+07 0.373786 161582
SPAO 200000 378935 0.0144205 1.53281e+07
HSSO 200000 299830 0.0113961 1.47085e+07
PLNO 200000 298705 0.011417 1.23471e+07
Hyper 200000 261814 0.00960094 1.06174e+07
Coco 200000 1.79655e+06 0.0605546 395922
USS 200000 5.49909e+06 0.182103 172032
SPAO 50000 1.46872e+06 0.0564041 1.43466e+07
HSSO 50000 1.39288e+06 0.0508208 1.39703e+07
PLNO 50000 1.3318e+06 0.0519022 1.1434e+07
Hyper 50000 1.17285e+06 0.0457484 8.52081e+06
Coco 50000 8.2566e+06 0.272397 357200
USS 50000 2.34286e+07 0.760734 151872
SPAO 100000 641060 0.0255599 1.32469e+07
HSSO 100000 623211 0.0242333 1.30169e+07
PLNO 100000 562531 0.0220553 1.08911e+07
Hyper 100000 516331 0.0188818 7.9882e+06
Coco 100000 3.78537e+06 0.132919 339391
USS 100000 1.14439e+07 0.372672 135187
SPAO 200000 294144 0.0114342 1.39706e+07
HSSO 200000 363692 0.0139795 1.30328e+07
PLNO 200000 276504 0.0107091 1.03943e+07
Hyper 200000 374003 0.0140134 9.46035e+06
Coco 200000 1.85886e+06 0.064854 306652
USS 200000 5.59677e+06 0.186755 133068
SPAO 50000 1.53085e+06 0.0598527 1.27406e+07
HSSO 50000 1.41956e+06 0.0564165 1.21158e+07
PLNO 50000 1.12648e+06 0.0413745 8.92879e+06
Hyper 50000 1.21156e+06 0.0451882 7.31749e+06
Coco 50000 8.09418e+06 0.27472 335439
USS 50000 2.12776e+07 0.691726 164780
SPAO 100000 625947 0.0228871 1.5053e+07
HSSO 100000 696037 0.0264873 1.49314e+07
PLNO 100000 653112 0.0243014 1.20708e+07
Hyper 100000 578210 0.021418 9.23087e+06
Coco 100000 3.90236e+06 0.132165 386048
USS 100000 1.11347e+07 0.361432 166937
SPAO 200000 301009 0.0113345 1.58081e+07
HSSO 200000 303028 0.0121658 1.44822e+07
PLNO 200000 296608 0.0111895 1.22952e+07
Hyper 200000 276838 0.00999106 1.01625e+07
Coco 200000 1.89329e+06 0.0605418 396943
USS 200000 5.35062e+06 0.182849 171092
