SPAO 50000 251816 0.0133052 3.1932e+07
HSSO 50000 280949 0.0165782 3.39404e+07
PLNO 50000 222614 0.0121201 2.83335e+07
Hyper 50000 187967 0.0098151 2.90356e+07
Coco 50000 379585 0.0176787 4.37859e+06
USS 50000 1.51964e+06 0.0676901 1.54645e+06
SPAO 100000 99898.9 0.00551127 3.6258e+07
HSSO 100000 101294 0.00545721 3.86512e+07
PLNO 100000 131617 0.00804568 3.20596e+07
Hyper 100000 94840.9 0.00505281 3.30527e+07
Coco 100000 199410 0.00899928 4.50522e+06
USS 100000 706840 0.0316704 1.62784e+06
SPAO 200000 40780 0.00229392 3.71604e+07
HSSO 200000 47572.6 0.00286213 3.91831e+07
PLNO 200000 60309.7 0.00308076 3.02869e+07
Hyper 200000 52696.9 0.00293841 3.09909e+07
Coco 200000 78041.5 0.00354067 4.22324e+06
USS 200000 331590 0.0147797 1.68022e+06
SPAO 50000 243359 0.0128277 3.14849e+07
HSSO 50000 240970 0.0141785 3.63972e+07
PLNO 50000 202444 0.0113336 3.07275e+07
Hyper 50000 190756 0.0106053 3.10735e+07
Coco 50000 407394 0.0185604 4.33751e+06
USS 50000 1.46929e+06 0.0658629 1.57342e+06
SPAO 100000 107664 0.00584809 3.59778e+07
HSSO 100000 115638 0.00732077 3.79638e+07
PLNO 100000 94824 0.00518618 3.204e+07
Hyper 100000 88944.4 0.00480546 3.28875e+07
Coco 100000 212174 0.00927358 4.36494e+06
USS 100000 702540 0.0321604 1.55438e+06
SPAO 200000 46493.5 0.00247581 3.50182e+07
HSSO 200000 48848.8 0.00317685 3.96136e+07
PLNO 200000 53678.6 0.0032135 3.28418e+07
Hyper 200000 37141.9 0.00211596 3.3816e+07
Coco 200000 79122.5 0.00356719 4.62636e+06
USS 200000 334900 0.0151425 1.65139e+06
SPAO 50000 232801 0.0130106 3.06666e+07
HSSO 50000 252127 0.0131168 3.62321e+07
PLNO 50000 207695 0.0120695 3.04597e+07
Hyper 50000 196292 0.0105151 3.11181e+07
Coco 50000 422522 0.0183406 4.34631e+06
USS 50000 1.45991e+06 0.0654509 1.50408e+06
SPAO 100000 102612 0.00673747 3.5396e+07
HSSO 100000 103937 0.00601627 3.81324e+07
PLNO 100000 101266 0.00553621 3.12672e+07
Hyper 100000 96779.2 0.00513583 3.27115e+07
Coco 100000 197939 0.00943765 4.45202e+06
USS 100000 712869 0.0313221 1.61136e+06
SPAO 200000 53077.4 0.00280775 3.66919e+07
HSSO 200000 44721.9 0.00235898 3.95274e+07
PLNO 200000 52303.3 0.00269644 3.25077e+07
Hyper 200000 38116.7 0.0021265 3.36207e+07
Coco 200000 109385 0.00409414 4.61202e+06
USS 200000 336070 0.0146794 1.62292e+06
SPAO 50000 263966 0.0152884 2.86652e+07
HSSO 50000 228299 0.0135968 3.29516e+07
PLNO 50000 220699 0.0116836 2.71772e+07
Hyper 50000 213607 0.0121461 2.81951e+07
Coco 50000 445689 0.021227 4.32312e+06
USS 50000 1.49147e+06 0.0654307 1.54744e+06
SPAO 100000 108943 0.00622964 3.5983e+07
HSSO 100000 105802 0.00578308 3.79712e+07
PLNO 100000 106828 0.00571731 3.18334e+07
Hyper 100000 90295.7 0.00525978 3.26247e+07
Coco 100000 208180 0.00932047 4.46202e+06
USS 100000 720881 0.0312706 1.60567e+06
SPAO 200000 48982.4 0.00272949 3.68184e+07
HSSO 200000 43545.9 0.00228705 3.95544e+07
PLNO 200000 52861.1 0.00278667 2.98815e+07
Hyper 200000 37366.6 0.00194848 3.03841e+07
Coco 200000 77994.7 0.00384485 4.16281e+06
USS 200000 324397 0.0148123 1.66378e+06
SPAO 50000 247309 0.0141472 3.15562e+07
HSSO 50000 251250 0.0138233 3.60937e+07
PLNO 50000 269045 0.0140189 2.94743e+07
Hyper 50000 260099 0.0124424 3.08436e+07
Coco 50000 359738 0.0165675 4.32782e+06
USS 50000 1.45966e+06 0.0659846 1.55937e+06
SPAO 100000 105184 0.00641419 3.59223e+07
HSSO 100000 101882 0.00588169 3.77196e+07
PLNO 100000 159166 0.00918855 3.13629e+07
Hyper 100000 94917.2 0.00509434 3.24551e+07
Coco 100000 238914 0.00980523 4.30542e+06
USS 100000 687051 0.0312678 1.5295e+06
SPAO 200000 45557.6 0.00260755 3.69587e+07
HSSO 200000 41750 0.00235502 3.93939e+07
PLNO 200000 53716.2 0.00303995 3.27445e+07
Hyper 200000 33684 0.00187253 3.31459e+07
Coco 200000 80732.9 0.0035067 4.58267e+06
USS 200000 333176 0.0149833 1.66454e+06
