SPAO 50000 110344 0.00942163 3.5052e+07
HSSO 50000 110543 0.00801808 3.75591e+07
PLNO 50000 84939.5 0.00638609 3.24762e+07
Hyper 50000 70971.4 0.00505367 3.33579e+07
Coco 50000 169013 0.0101676 8.46463e+06
USS 50000 537313 0.0314353 3.24142e+06
SPAO 100000 51900 0.0038263 3.65247e+07
HSSO 100000 54471.3 0.0040257 3.87998e+07
PLNO 100000 40654.5 0.0030329 3.36082e+07
Hyper 100000 46295 0.00283125 3.42158e+07
Coco 100000 60211.1 0.00359644 8.08557e+06
USS 100000 251388 0.0148203 3.23212e+06
SPAO 200000 16292.4 0.00116585 3.74643e+07
HSSO 200000 17630.8 0.00130636 4.03848e+07
PLNO 200000 20153.4 0.00145902 3.46006e+07
Hyper 200000 16007.7 0.0010279 3.41899e+07
Coco 200000 30237.1 0.0018616 8.81406e+06
USS 200000 114045 0.00672797 3.56461e+06
SPAO 50000 106491 0.00758221 3.51929e+07
HSSO 50000 116430 0.00906352 3.71285e+07
PLNO 50000 85634.1 0.00606112 3.20815e+07
Hyper 50000 78647.8 0.0059096 3.34283e+07
Coco 50000 130104 0.00783823 8.43245e+06
USS 50000 565875 0.0325116 3.36769e+06
SPAO 100000 51730.2 0.00348804 3.65657e+07
HSSO 100000 53525.7 0.00386237 3.91453e+07
PLNO 100000 48452.5 0.00317558 3.35165e+07
Hyper 100000 35769.9 0.00264536 3.40917e+07
Coco 100000 59862.5 0.00351382 8.74741e+06
USS 100000 245614 0.0144583 3.24002e+06
SPAO 200000 17205.8 0.00126563 3.73865e+07
HSSO 200000 17851.9 0.00128008 4.05119e+07
PLNO 200000 22986.7 0.00161216 3.42152e+07
Hyper 200000 15342.1 0.00125362 3.38926e+07
Coco 200000 34685.5 0.00192997 8.85365e+06
USS 200000 115283 0.00659327 3.23732e+06
SPAO 50000 114609 0.00777423 3.20294e+07
HSSO 50000 121447 0.0100572 3.75296e+07
PLNO 50000 99308.3 0.00759374 3.23073e+07
Hyper 50000 75074.6 0.00515493 3.34354e+07
Coco 50000 161829 0.00939256 8.40587e+06
USS 50000 554363 0.0321558 3.27285e+06
SPAO 100000 53938.1 0.0039536 3.64095e+07
HSSO 100000 51918.9 0.00359746 3.92757e+07
PLNO 100000 44414.2 0.00341587 3.39244e+07
Hyper 100000 33138.6 0.0023265 3.41866e+07
Coco 100000 72163.4 0.0037869 8.72198e+06
USS 100000 262285 0.0151324 3.29425e+06
SPAO 200000 17338.4 0.001169 3.7365e+07
HSSO 200000 16774.2 0.00114576 4.02087e+07
PLNO 200000 18932.3 0.0012986 3.45762e+07
Hyper 200000 14327 0.00100374 3.41582e+07
Coco 200000 28556.4 0.00169127 8.81606e+06
USS 200000 119939 0.00702345 3.5873e+06
SPAO 50000 112651 0.00820751 3.46681e+07
HSSO 50000 109939 0.00774246 3.72157e+07
PLNO 50000 108163 0.00832049 3.19007e+07
Hyper 50000 73615 0.00508762 3.29368e+07
Coco 50000 166579 0.010177 8.40116e+06
USS 50000 538588 0.030706 3.09314e+06
SPAO 100000 52139.3 0.00374545 3.32178e+07
HSSO 100000 51784.3 0.00350593 3.57271e+07
PLNO 100000 103556 0.0104406 3.05156e+07
Hyper 100000 32310.7 0.00221408 3.42742e+07
Coco 100000 65395 0.00396464 8.73455e+06
USS 100000 258676 0.0149741 3.43439e+06
SPAO 200000 17210.3 0.00125125 3.63222e+07
HSSO 200000 18334.3 0.00119591 4.05082e+07
PLNO 200000 17470 0.00126452 3.44938e+07
Hyper 200000 18772 0.00141367 3.40652e+07
Coco 200000 29559.6 0.0018645 8.81128e+06
USS 200000 115754 0.006838 3.55336e+06
SPAO 50000 116732 0.00779126 3.49707e+07
HSSO 50000 116831 0.0092896 3.73411e+07
PLNO 50000 99153 0.00671078 3.24646e+07
Hyper 50000 87820.4 0.00588249 3.31509e+07
Coco 50000 199418 0.0129353 8.43956e+06
USS 50000 549039 0.0314567 3.37114e+06
SPAO 100000 56091.7 0.0043106 3.65789e+07
HSSO 100000 54681.4 0.00356284 3.94261e+07
PLNO 100000 54198.8 0.00371453 3.37817e+07
Hyper 100000 47095.8 0.00308488 3.43241e+07
Coco 100000 70820.6 0.00368776 8.74486e+06
USS 100000 246469 0.0142436 3.35874e+06
SPAO 200000 14474.6 0.0010221 3.45829e+07
HSSO 200000 16492.9 0.00132191 3.70748e+07
PLNO 200000 17109.5 0.00118086 3.16922e+07
Hyper 200000 21187.7 0.0017466 3.12365e+07
Coco 200000 27477.7 0.00164178 8.11216e+06
USS 200000 115972 0.00678519 3.61136e+06
