SPAO 50000 2.50993e+06 0.0894077 1.23506e+07
HSSO 50000 2.53814e+06 0.0890809 1.17186e+07
PLNO 50000 1.75327e+06 0.0650351 1.03913e+07
Hyper 50000 2.22045e+06 0.0806611 8.54364e+06
Coco 50000 4.29689e+06 0.139651 385556
USS 50000 1.67333e+07 0.543918 123780
SPAO 100000 1.00267e+06 0.0371318 1.23481e+07
HSSO 100000 1.011e+06 0.0362035 1.04358e+07
PLNO 100000 937608 0.0340313 9.20375e+06
Hyper 100000 982489 0.0370517 7.11158e+06
Coco 100000 2.6984e+06 0.0885387 355449
USS 100000 8.14868e+06 0.264844 132689
SPAO 200000 489255 0.0181313 1.47344e+07
HSSO 200000 527200 0.0192205 1.34005e+07
PLNO 200000 451066 0.0164429 1.12851e+07
Hyper 200000 446952 0.0164782 9.34116e+06
Coco 200000 1.05543e+06 0.0353485 447446
USS 200000 3.98611e+06 0.131556 156723
SPAO 50000 2.59261e+06 0.0942044 1.35554e+07
HSSO 50000 2.41628e+06 0.0890519 1.32393e+07
PLNO 50000 1.83669e+06 0.0678846 1.24127e+07
Hyper 50000 1.94785e+06 0.0711643 9.28826e+06
Coco 50000 4.63797e+06 0.148227 463957
USS 50000 1.64187e+07 0.525294 143966
SPAO 100000 1.02113e+06 0.0360847 1.33228e+07
HSSO 100000 1.31728e+06 0.0473529 1.28195e+07
PLNO 100000 1.08043e+06 0.040935 1.01003e+07
Hyper 100000 1.02443e+06 0.0386697 9.26047e+06
Coco 100000 2.48899e+06 0.0833681 435578
USS 100000 7.81928e+06 0.255588 141885
SPAO 200000 476687 0.0180461 1.38351e+07
HSSO 200000 506698 0.0187316 1.35533e+07
PLNO 200000 504719 0.0188608 1.204e+07
Hyper 200000 506264 0.0180047 9.60141e+06
Coco 200000 1.03414e+06 0.0342648 448334
USS 200000 3.92368e+06 0.130314 139130
SPAO 50000 2.5766e+06 0.0948891 1.20609e+07
HSSO 50000 2.52469e+06 0.0969328 1.15535e+07
PLNO 50000 1.94398e+06 0.0701843 1.01912e+07
Hyper 50000 1.92601e+06 0.0712235 6.87451e+06
Coco 50000 4.34399e+06 0.145756 411600
USS 50000 1.71243e+07 0.543996 123948
SPAO 100000 1.04109e+06 0.0385266 1.31827e+07
HSSO 100000 1.27564e+06 0.0449492 1.1939e+07
PLNO 100000 1.00685e+06 0.0358328 9.7855e+06
Hyper 100000 874126 0.0329778 7.48466e+06
Coco 100000 2.65495e+06 0.0915607 438428
USS 100000 7.9936e+06 0.259423 141042
SPAO 200000 518014 0.0198457 1.45714e+07
HSSO 200000 487963 0.0176403 1.31325e+07
PLNO 200000 516174 0.0199615 1.26684e+07
Hyper 200000 455080 0.0169399 1.13207e+07
Coco 200000 1.05421e+06 0.0362612 465908
USS 200000 3.93144e+06 0.131181 166383
SPAO 50000 2.54415e+06 0.0935307 1.2687e+07
HSSO 50000 2.52614e+06 0.0899297 1.32075e+07
PLNO 50000 2.00194e+06 0.0731016 1.22694e+07
Hyper 50000 2.01766e+06 0.0737466 9.59199e+06
Coco 50000 4.11286e+06 0.140338 470824
USS 50000 1.60723e+07 0.527785 152766
SPAO 100000 1.02554e+06 0.0387538 1.44565e+07
HSSO 100000 1.254e+06 0.043884 1.43815e+07
PLNO 100000 973593 0.0352528 1.24489e+07
Hyper 100000 956919 0.0349138 1.07844e+07
Coco 100000 2.48436e+06 0.0818015 499618
USS 100000 8.00154e+06 0.262209 163064
SPAO 200000 527562 0.0194344 1.59529e+07
HSSO 200000 480901 0.017928 1.42435e+07
PLNO 200000 498077 0.0177909 1.32204e+07
Hyper 200000 479357 0.0171967 1.26015e+07
Coco 200000 1.16673e+06 0.0378156 526155
USS 200000 3.98493e+06 0.130639 162417
SPAO 50000 2.33299e+06 0.086611 1.23417e+07
HSSO 50000 2.47516e+06 0.0905928 1.17321e+07
PLNO 50000 2.38628e+06 0.08337 1.10518e+07
Hyper 50000 1.80743e+06 0.0652308 8.01261e+06
Coco 50000 4.602e+06 0.146079 404961
USS 50000 1.67276e+07 0.54052 133446
SPAO 100000 967107 0.0353468 1.34741e+07
HSSO 100000 1.32524e+06 0.0461366 1.30381e+07
PLNO 100000 1.13215e+06 0.0405483 1.10193e+07
Hyper 100000 927196 0.0337902 9.83687e+06
Coco 100000 2.71614e+06 0.08732 439008
USS 100000 7.88848e+06 0.261939 140543
SPAO 200000 477863 0.0170798 1.49239e+07
HSSO 200000 482675 0.017467 1.39596e+07
PLNO 200000 475201 0.0178181 1.08854e+07
Hyper 200000 428866 0.0160212 1.09836e+07
Coco 200000 1.11081e+06 0.036991 450936
USS 200000 3.93326e+06 0.131007 141106
