SPAO 50000 553248 0.0227968 3.04288e+07
HSSO 50000 578480 0.0250004 2.99822e+07
PLNO 50000 489063 0.0204731 2.73906e+07
Hyper 50000 482827 0.0191401 2.5282e+07
Coco 50000 1.08971e+06 0.0379613 2.12736e+06
USS 50000 3.87698e+06 0.134863 710414
SPAO 100000 263882 0.0106834 3.16132e+07
HSSO 100000 252134 0.0103693 3.17591e+07
PLNO 100000 253168 0.0100808 2.80712e+07
Hyper 100000 224778 0.00975785 2.70799e+07
Coco 100000 587152 0.0198866 2.19313e+06
USS 100000 1.84139e+06 0.066562 743173
SPAO 200000 115984 0.00479417 3.18551e+07
HSSO 200000 111893 0.00451654 3.13001e+07
PLNO 200000 114529 0.00476636 2.89576e+07
Hyper 200000 92127.7 0.00378322 2.79712e+07
Coco 200000 268341 0.00925644 2.22058e+06
USS 200000 878688 0.0317369 776472
SPAO 50000 644583 0.026527 2.93126e+07
HSSO 50000 566583 0.0227508 2.9805e+07
PLNO 50000 586056 0.0243457 2.67308e+07
Hyper 50000 517523 0.0220861 2.49177e+07
Coco 50000 1.02467e+06 0.0358212 2.10605e+06
USS 50000 3.64274e+06 0.129954 697250
SPAO 100000 283412 0.0113284 3.14329e+07
HSSO 100000 262249 0.011224 3.14104e+07
PLNO 100000 241276 0.00982852 2.8222e+07
Hyper 100000 239461 0.0104389 2.66308e+07
Coco 100000 559416 0.0192237 2.1714e+06
USS 100000 1.86763e+06 0.064991 756226
SPAO 200000 119628 0.00493367 2.92267e+07
HSSO 200000 110476 0.00434892 2.96042e+07
PLNO 200000 102244 0.00430599 2.82e+07
Hyper 200000 93994.9 0.00415834 2.80799e+07
Coco 200000 289622 0.0096489 2.22171e+06
USS 200000 899156 0.0317525 796975
SPAO 50000 636814 0.0280527 2.96324e+07
HSSO 50000 565610 0.0243425 2.85189e+07
PLNO 50000 459446 0.0194148 2.70611e+07
Hyper 50000 486445 0.0199591 2.29862e+07
Coco 50000 1.00544e+06 0.0356327 2.02504e+06
USS 50000 3.7537e+06 0.132318 714162
SPAO 100000 275646 0.0121167 3.20011e+07
HSSO 100000 256070 0.0106497 3.1839e+07
PLNO 100000 316701 0.0119926 2.84607e+07
Hyper 100000 211787 0.00875032 2.71262e+07
Coco 100000 569379 0.0208471 2.04364e+06
USS 100000 1.87406e+06 0.0660807 754359
SPAO 200000 113944 0.00475574 3.18924e+07
HSSO 200000 107654 0.00443748 3.25976e+07
PLNO 200000 114801 0.00494368 2.90811e+07
Hyper 200000 122776 0.0047261 2.82455e+07
Coco 200000 275013 0.00940091 2.15987e+06
USS 200000 907048 0.031635 788754
SPAO 50000 640908 0.0280501 3.04601e+07
HSSO 50000 610960 0.0253919 2.97665e+07
PLNO 50000 503556 0.0210019 2.63946e+07
Hyper 50000 485050 0.020255 2.52087e+07
Coco 50000 1.08465e+06 0.0397157 2.12399e+06
USS 50000 3.90133e+06 0.134026 701256
SPAO 100000 238846 0.0103827 3.18432e+07
HSSO 100000 274739 0.0116198 3.22251e+07
PLNO 100000 258003 0.0107673 2.87059e+07
Hyper 100000 234393 0.0097342 2.71246e+07
Coco 100000 530314 0.0183684 2.19456e+06
USS 100000 1.85712e+06 0.0658115 758751
SPAO 200000 118293 0.00503219 3.18025e+07
HSSO 200000 112069 0.00478471 3.28044e+07
PLNO 200000 117380 0.00512588 2.94301e+07
Hyper 200000 92457.6 0.00392248 2.80417e+07
Coco 200000 267682 0.0102406 2.25099e+06
USS 200000 912394 0.0323877 781118
SPAO 50000 572870 0.0239823 3.04425e+07
HSSO 50000 546854 0.0237215 3.00728e+07
PLNO 50000 475622 0.0198228 2.73118e+07
Hyper 50000 490484 0.0197734 2.53083e+07
Coco 50000 1.05064e+06 0.0356223 2.1277e+06
USS 50000 3.59177e+06 0.130057 712986
SPAO 100000 273890 0.0117869 3.16657e+07
HSSO 100000 273858 0.0110909 3.17576e+07
PLNO 100000 234447 0.00984751 2.83172e+07
Hyper 100000 272201 0.01084 2.69663e+07
Coco 100000 545563 0.0192664 2.19783e+06
USS 100000 1.88635e+06 0.0661414 750306
SPAO 200000 112020 0.00487539 2.98721e+07
HSSO 200000 114343 0.00533248 3.27482e+07
PLNO 200000 105103 0.00439887 2.92417e+07
Hyper 200000 96736.1 0.00411648 2.82146e+07
Coco 200000 256694 0.00966097 2.24443e+06
USS 200000 881250 0.0317151 812091
