SPAO 50000 1.05466e+06 0.04044 1.96263e+07
HSSO 50000 1.11354e+06 0.0428438 1.60551e+07
PLNO 50000 944569 0.034969 1.70507e+07
Hyper 50000 1.0506e+06 0.0393785 1.32178e+07
Coco 50000 2.61053e+06 0.0849012 914845
USS 50000 7.88016e+06 0.263139 295547
SPAO 100000 528090 0.0203128 2.03865e+07
HSSO 100000 531891 0.0203746 1.90226e+07
PLNO 100000 585111 0.0228952 1.82992e+07
Hyper 100000 457282 0.0172469 1.65765e+07
Coco 100000 1.02458e+06 0.0350924 940685
USS 100000 3.87341e+06 0.127982 308154
SPAO 200000 245390 0.00928425 2.10078e+07
HSSO 200000 238865 0.00928167 1.93315e+07
PLNO 200000 215495 0.00822577 1.91558e+07
Hyper 200000 236726 0.00900485 1.57197e+07
Coco 200000 523844 0.0180126 982844
USS 200000 1.87703e+06 0.0631328 336772
SPAO 50000 1.13543e+06 0.0453426 1.89406e+07
HSSO 50000 1.0031e+06 0.037458 1.75473e+07
PLNO 50000 1.05465e+06 0.0432149 1.86343e+07
Hyper 50000 915870 0.0341352 1.58804e+07
Coco 50000 2.81087e+06 0.0875399 897493
USS 50000 7.7142e+06 0.25802 278956
SPAO 100000 509312 0.0198305 1.93744e+07
HSSO 100000 520506 0.0196569 1.66156e+07
PLNO 100000 435995 0.0170027 1.63189e+07
Hyper 100000 455159 0.0172277 1.31425e+07
Coco 100000 1.05442e+06 0.0357596 886643
USS 100000 3.73348e+06 0.126225 301446
SPAO 200000 245825 0.00953076 2.0594e+07
HSSO 200000 258189 0.0101023 1.87369e+07
PLNO 200000 257333 0.00962502 1.92222e+07
Hyper 200000 225534 0.00871342 1.52128e+07
Coco 200000 614502 0.0196286 986306
USS 200000 1.87926e+06 0.0634831 322211
SPAO 50000 1.00536e+06 0.0399283 1.9068e+07
HSSO 50000 1.09026e+06 0.0418318 1.72012e+07
PLNO 50000 1.00776e+06 0.0383674 1.56946e+07
Hyper 50000 972008 0.0364829 1.55925e+07
Coco 50000 2.79653e+06 0.0869398 906901
USS 50000 7.65229e+06 0.255323 290393
SPAO 100000 509431 0.0194991 2.04602e+07
HSSO 100000 484778 0.01923 1.89581e+07
PLNO 100000 436015 0.0169908 1.85679e+07
Hyper 100000 430528 0.0158886 1.60444e+07
Coco 100000 1.01398e+06 0.0338498 941823
USS 100000 3.89054e+06 0.13111 305361
SPAO 200000 252974 0.00930112 2.11892e+07
HSSO 200000 256098 0.0101533 1.91772e+07
PLNO 200000 249637 0.00989218 1.90578e+07
Hyper 200000 219374 0.00878526 1.53298e+07
Coco 200000 675750 0.0197563 981613
USS 200000 1.88145e+06 0.0637499 322531
SPAO 50000 1.02457e+06 0.0396185 1.86744e+07
HSSO 50000 1.13357e+06 0.0423406 1.79348e+07
PLNO 50000 1.01575e+06 0.0385883 1.75381e+07
Hyper 50000 1.06283e+06 0.0392233 1.58703e+07
Coco 50000 2.66779e+06 0.0877416 907946
USS 50000 7.98792e+06 0.258078 307117
SPAO 100000 544869 0.0210231 2.24139e+07
HSSO 100000 514567 0.0203316 2.13339e+07
PLNO 100000 460457 0.0184788 2.03244e+07
Hyper 100000 657680 0.0231701 1.83248e+07
Coco 100000 1.10974e+06 0.0363313 1.07564e+06
USS 100000 3.68972e+06 0.126085 345017
SPAO 200000 238311 0.0091708 2.26772e+07
HSSO 200000 257570 0.00958856 2.12679e+07
PLNO 200000 215041 0.00856352 2.08384e+07
Hyper 200000 211426 0.00800014 1.68248e+07
Coco 200000 558327 0.0183562 1.10821e+06
USS 200000 1.83815e+06 0.0631693 367672
SPAO 50000 1.08468e+06 0.0412089 2.12857e+07
HSSO 50000 1.07735e+06 0.0428059 1.78213e+07
PLNO 50000 928480 0.0351564 1.74556e+07
Hyper 50000 931201 0.0366345 1.6174e+07
Coco 50000 3.01602e+06 0.0903471 1.02043e+06
USS 50000 7.74234e+06 0.255138 330456
SPAO 100000 532064 0.0220648 2.24924e+07
HSSO 100000 517811 0.0201686 2.1079e+07
PLNO 100000 509366 0.0201519 2.00495e+07
Hyper 100000 416387 0.0159225 1.72444e+07
Coco 100000 1.01335e+06 0.0354348 1.05585e+06
USS 100000 3.8054e+06 0.127728 348212
SPAO 200000 247505 0.00928613 2.30737e+07
HSSO 200000 261418 0.00994401 2.11685e+07
PLNO 200000 274769 0.0101327 2.06307e+07
Hyper 200000 210123 0.0076373 1.69982e+07
Coco 200000 520959 0.0184419 1.07024e+06
USS 200000 1.8746e+06 0.0630148 365939
