SPAO 50000 1.07994e+06 0.0426739 1.90842e+07
HSSO 50000 1.125e+06 0.0471324 1.64538e+07
PLNO 50000 995227 0.0382312 1.44512e+07
Hyper 50000 903450 0.0366675 1.57958e+07
Coco 50000 2.85482e+06 0.0879829 889044
USS 50000 7.51319e+06 0.251843 288443
SPAO 100000 539221 0.0207318 2.06342e+07
HSSO 100000 516314 0.0201316 1.73631e+07
PLNO 100000 482124 0.0186795 1.71327e+07
Hyper 100000 545093 0.0213001 1.55062e+07
Coco 100000 1.00462e+06 0.0343266 855247
USS 100000 3.77439e+06 0.132279 272292
SPAO 200000 248675 0.00972677 2.12469e+07
HSSO 200000 253817 0.0102217 1.91368e+07
PLNO 200000 249504 0.00943044 1.77257e+07
Hyper 200000 205088 0.0079274 1.54124e+07
Coco 200000 540445 0.018438 965714
USS 200000 1.84728e+06 0.0644762 300736
SPAO 50000 1.05712e+06 0.0410545 1.67393e+07
HSSO 50000 1.09493e+06 0.0424698 1.31245e+07
PLNO 50000 942292 0.035286 1.31991e+07
Hyper 50000 928111 0.0359724 1.20219e+07
Coco 50000 2.66677e+06 0.0890397 722213
USS 50000 7.58216e+06 0.26259 248641
SPAO 100000 490278 0.0195138 1.7897e+07
HSSO 100000 506204 0.0201809 1.88797e+07
PLNO 100000 520943 0.0197335 1.80775e+07
Hyper 100000 437051 0.0164078 1.58246e+07
Coco 100000 994559 0.0353681 910710
USS 100000 3.8811e+06 0.131808 283699
SPAO 200000 236706 0.00905017 2.29378e+07
HSSO 200000 241921 0.00930843 1.86222e+07
PLNO 200000 222914 0.00827717 1.90633e+07
Hyper 200000 229279 0.00908885 1.4442e+07
Coco 200000 583054 0.0204177 907124
USS 200000 1.84155e+06 0.0639876 307242
SPAO 50000 1.06146e+06 0.0410454 1.94088e+07
HSSO 50000 1.16576e+06 0.0448274 1.78111e+07
PLNO 50000 943357 0.036149 1.73991e+07
Hyper 50000 882738 0.0352546 1.62207e+07
Coco 50000 2.77715e+06 0.0896125 890954
USS 50000 7.66988e+06 0.263274 327951
SPAO 100000 524354 0.0207506 2.25495e+07
HSSO 100000 524308 0.0203158 2.09352e+07
PLNO 100000 487107 0.0191546 2.01294e+07
Hyper 100000 491542 0.0189312 1.83888e+07
Coco 100000 1.03163e+06 0.0379414 1.0488e+06
USS 100000 3.76385e+06 0.131083 342241
SPAO 200000 261886 0.0103305 2.3101e+07
HSSO 200000 245294 0.010115 2.12937e+07
PLNO 200000 256360 0.0102778 2.11327e+07
Hyper 200000 210482 0.00806139 1.69615e+07
Coco 200000 562799 0.0197861 1.11175e+06
USS 200000 1.87015e+06 0.0641091 359017
SPAO 50000 1.09246e+06 0.0428102 1.84104e+07
HSSO 50000 1.08401e+06 0.0419593 1.56565e+07
PLNO 50000 963562 0.0375442 1.29168e+07
Hyper 50000 1.23277e+06 0.0454916 1.56478e+07
Coco 50000 2.58157e+06 0.0830692 864520
USS 50000 7.96138e+06 0.264895 281437
SPAO 100000 487700 0.0191486 2.06363e+07
HSSO 100000 537063 0.0213633 1.56283e+07
PLNO 100000 433504 0.0167597 1.83363e+07
Hyper 100000 460423 0.0174486 1.65897e+07
Coco 100000 1.00878e+06 0.0352968 941674
USS 100000 3.8557e+06 0.1308 319022
SPAO 200000 265500 0.0104185 1.81095e+07
HSSO 200000 248091 0.00932578 1.77904e+07
PLNO 200000 249434 0.00951745 1.86541e+07
Hyper 200000 227398 0.00883309 1.40826e+07
Coco 200000 622758 0.0209766 906451
USS 200000 1.90895e+06 0.0651101 308507
SPAO 50000 1.08686e+06 0.0425603 1.8155e+07
HSSO 50000 1.10039e+06 0.0445121 1.8101e+07
PLNO 50000 1.0671e+06 0.0433706 1.74383e+07
Hyper 50000 905693 0.0340631 1.59293e+07
Coco 50000 2.6592e+06 0.0904578 880411
USS 50000 7.88516e+06 0.264969 281750
SPAO 100000 548353 0.0210684 2.03839e+07
HSSO 100000 519692 0.0213909 1.68935e+07
PLNO 100000 475910 0.0183583 1.59969e+07
Hyper 100000 449559 0.0175148 1.45339e+07
Coco 100000 1.10061e+06 0.0381219 812225
USS 100000 3.86611e+06 0.129183 295100
SPAO 200000 240902 0.00935764 2.1072e+07
HSSO 200000 278614 0.0111287 1.8988e+07
PLNO 200000 228347 0.0088155 1.93035e+07
Hyper 200000 244743 0.0100078 1.42762e+07
Coco 200000 531980 0.0180128 984751
USS 200000 1.88101e+06 0.0643045 299918
