SPAO 50000 1.06673e+06 0.040519 1.65584e+07
HSSO 50000 1.0681e+06 0.0410106 1.69121e+07
PLNO 50000 1.27028e+06 0.0477 1.33445e+07
Hyper 50000 964454 0.0377278 1.18143e+07
Coco 50000 3.7218e+06 0.127739 621463
USS 50000 1.12951e+07 0.374014 239211
SPAO 100000 525389 0.0199087 1.74715e+07
HSSO 100000 586280 0.0223208 1.66648e+07
PLNO 100000 492142 0.0199746 1.55109e+07
Hyper 100000 583003 0.0225119 1.42884e+07
Coco 100000 1.72302e+06 0.0576451 703196
USS 100000 5.82576e+06 0.198729 244267
SPAO 200000 249333 0.00953201 1.83835e+07
HSSO 200000 270398 0.0106055 1.89419e+07
PLNO 200000 232861 0.00910023 1.64734e+07
Hyper 200000 231620 0.00911814 1.63485e+07
Coco 200000 939262 0.0318301 722810
USS 200000 2.77811e+06 0.0951283 263617
SPAO 50000 1.14167e+06 0.0421064 1.64818e+07
HSSO 50000 1.03289e+06 0.0411411 1.66903e+07
PLNO 50000 1.07314e+06 0.0402736 1.38814e+07
Hyper 50000 932496 0.0363775 1.24231e+07
Coco 50000 4.01814e+06 0.135105 574754
USS 50000 1.15737e+07 0.379816 226655
SPAO 100000 548715 0.021532 1.73493e+07
HSSO 100000 549752 0.0217042 1.81221e+07
PLNO 100000 514451 0.0202196 1.54775e+07
Hyper 100000 528373 0.0205984 1.42558e+07
Coco 100000 1.61337e+06 0.0559158 680509
USS 100000 5.7977e+06 0.196645 243791
SPAO 200000 257299 0.0101442 1.81614e+07
HSSO 200000 291125 0.0113966 1.88583e+07
PLNO 200000 243309 0.0100363 1.69684e+07
Hyper 200000 220390 0.00827944 1.62345e+07
Coco 200000 901683 0.0316063 696695
USS 200000 2.74623e+06 0.0952279 262677
SPAO 50000 1.08384e+06 0.042631 1.6627e+07
HSSO 50000 1.05198e+06 0.0401093 1.72273e+07
PLNO 50000 1.01982e+06 0.0391239 1.41954e+07
Hyper 50000 1.03731e+06 0.0406081 1.24532e+07
Coco 50000 3.90291e+06 0.144833 626330
USS 50000 1.09872e+07 0.381135 234526
SPAO 100000 543180 0.0213947 1.75585e+07
HSSO 100000 539055 0.0213689 1.79103e+07
PLNO 100000 584978 0.0223254 1.49613e+07
Hyper 100000 530491 0.0203148 1.42809e+07
Coco 100000 1.62139e+06 0.0572265 691897
USS 100000 5.68577e+06 0.195392 255483
SPAO 200000 250419 0.00972243 2.0073e+07
HSSO 200000 252779 0.0098818 2.09925e+07
PLNO 200000 228224 0.00898644 1.8282e+07
Hyper 200000 222415 0.00869645 1.81548e+07
Coco 200000 883831 0.0305321 794377
USS 200000 2.78932e+06 0.0956575 298380
SPAO 50000 1.12491e+06 0.0430029 1.80915e+07
HSSO 50000 1.10227e+06 0.0419652 1.92942e+07
PLNO 50000 1.2092e+06 0.0459919 1.57867e+07
Hyper 50000 940745 0.0364705 1.43608e+07
Coco 50000 3.89156e+06 0.130373 713708
USS 50000 1.17001e+07 0.392742 263526
SPAO 100000 560579 0.020763 1.87606e+07
HSSO 100000 577272 0.0223168 2.01153e+07
PLNO 100000 534824 0.0201683 1.71444e+07
Hyper 100000 540777 0.0218965 1.58571e+07
Coco 100000 1.67452e+06 0.0574174 786998
USS 100000 5.62901e+06 0.195237 273907
SPAO 200000 265790 0.010484 1.99732e+07
HSSO 200000 250165 0.00951385 2.09491e+07
PLNO 200000 250066 0.00938368 1.82355e+07
Hyper 200000 247944 0.0096759 1.80292e+07
Coco 200000 893065 0.0312064 793254
USS 200000 2.75687e+06 0.0965378 296690
SPAO 50000 1.09988e+06 0.0478497 1.84225e+07
HSSO 50000 1.13077e+06 0.0432553 1.89515e+07
PLNO 50000 1.01924e+06 0.0401716 1.58361e+07
Hyper 50000 1.0765e+06 0.0394358 1.39194e+07
Coco 50000 4.35268e+06 0.14318 718828
USS 50000 1.13193e+07 0.38446 263861
SPAO 100000 538480 0.0216904 1.92563e+07
HSSO 100000 573870 0.0229792 2.0094e+07
PLNO 100000 508519 0.021185 1.73869e+07
Hyper 100000 502888 0.0194172 1.60526e+07
Coco 100000 1.71267e+06 0.0571907 782622
USS 100000 5.94736e+06 0.202475 274757
SPAO 200000 254101 0.00986273 2.01855e+07
HSSO 200000 252380 0.010293 2.08481e+07
PLNO 200000 247629 0.0100182 1.8206e+07
Hyper 200000 225592 0.00874356 1.81285e+07
Coco 200000 930520 0.0322999 796011
USS 200000 2.7422e+06 0.0940655 297328
