d=1:SPAO 10000 7.46402e+06 0.267868 2.00372e+07
d=1:HSSO 10000 7.34516e+06 0.254402 1.8343e+07
d=1:PLNO 10000 8.63267e+06 0.292386 1.79408e+07
d=1:Hyper 10000 1.87395e+07 0.595565 1.47599e+07
d=1:SPAO 30000 5.55201e+06 0.189041 2.12943e+07
d=1:HSSO 30000 5.70695e+06 0.224916 1.93631e+07
d=1:PLNO 30000 3.69352e+06 0.125413 1.9352e+07
d=1:Hyper 30000 4.10942e+06 0.13636 1.7966e+07
d=1:SPAO 100000 1.7196e+06 0.0616216 2.26333e+07
d=1:HSSO 100000 3.10508e+06 0.109912 2.10805e+07
d=1:PLNO 100000 1.05924e+06 0.0394279 2.12306e+07
d=1:Hyper 100000 3.2828e+06 0.121292 1.90157e+07
d=1:SPAO 300000 425094 0.0165304 2.52288e+07
d=1:HSSO 300000 624872 0.023626 2.20739e+07
d=1:PLNO 300000 2.98574e+06 0.130946 2.09345e+07
d=1:Hyper 300000 1.10844e+06 0.0371761 2.18705e+07
d=1:SPAO 1000000 751434 0.0241422 2.54039e+07
d=1:HSSO 1000000 723934 0.0223384 2.1344e+07
d=1:PLNO 1000000 245251 0.00882949 1.95466e+07
d=1:Hyper 1000000 172595 0.00699235 1.98648e+07
d=2:SPAO 10000 7.37956e+06 0.27337 1.65027e+07
d=2:HSSO 10000 6.12465e+06 0.242771 1.32208e+07
d=2:PLNO 10000 4.98758e+06 0.195352 1.47285e+07
d=2:Hyper 10000 4.35496e+06 0.168634 1.10247e+07
d=2:SPAO 30000 2.88536e+06 0.104659 1.86067e+07
d=2:HSSO 30000 2.23043e+06 0.0875961 1.55927e+07
d=2:PLNO 30000 1.7578e+06 0.0670043 1.69893e+07
d=2:Hyper 30000 1.52359e+06 0.0587909 1.34542e+07
d=2:SPAO 100000 1.05007e+06 0.0407696 2.15292e+07
d=2:HSSO 100000 759883 0.031179 1.81449e+07
d=2:PLNO 100000 468461 0.0182976 1.77872e+07
d=2:Hyper 100000 459735 0.0182823 1.63588e+07
d=2:SPAO 300000 291328 0.0113227 2.21491e+07
d=2:HSSO 300000 239999 0.00928061 1.98813e+07
d=2:PLNO 300000 187098 0.00717353 1.89635e+07
d=2:Hyper 300000 121409 0.00491076 1.69512e+07
d=2:SPAO 1000000 184142 0.00682918 2.31703e+07
d=2:HSSO 1000000 81894.6 0.00324806 1.69589e+07
d=2:PLNO 1000000 28258.2 0.00111197 2.00701e+07
d=2:Hyper 1000000 39890.8 0.00159085 2.03608e+07
d=4:SPAO 10000 5.86899e+06 0.244286 1.71673e+07
d=4:HSSO 10000 5.26329e+06 0.198762 1.49857e+07
d=4:PLNO 10000 5.3754e+06 0.1957 1.12892e+07
d=4:Hyper 10000 4.36879e+06 0.172238 7.28927e+06
d=4:SPAO 30000 1.80323e+06 0.0717579 1.82358e+07
d=4:HSSO 30000 1.87868e+06 0.0775247 1.6747e+07
d=4:PLNO 30000 1.47189e+06 0.060673 1.5534e+07
d=4:Hyper 30000 1.41363e+06 0.0555961 9.34199e+06
d=4:SPAO 100000 518023 0.0206899 2.09128e+07
d=4:HSSO 100000 536935 0.0214591 1.67617e+07
d=4:PLNO 100000 402279 0.0157805 1.6508e+07
d=4:Hyper 100000 394023 0.0154972 1.48006e+07
d=4:SPAO 300000 161127 0.0062638 2.17222e+07
d=4:HSSO 300000 167293 0.00625808 1.93887e+07
d=4:PLNO 300000 104986 0.00423017 1.77756e+07
d=4:Hyper 300000 102452 0.00398526 1.69448e+07
d=4:SPAO 1000000 29544.6 0.00121899 2.39946e+07
d=4:HSSO 1000000 31979.3 0.00128812 1.69492e+07
d=4:PLNO 1000000 14425.9 0.0005673 1.97376e+07
d=4:Hyper 1000000 12805.3 0.000497348 1.92695e+07
d=8:SPAO 10000 5.3309e+06 0.212616 1.62045e+07
d=8:HSSO 10000 5.32866e+06 0.206325 1.39161e+07
d=8:PLNO 10000 4.93042e+06 0.182276 9.33569e+06
d=8:Hyper 10000 4.94135e+06 0.194029 4.5977e+06
d=8:SPAO 30000 1.80498e+06 0.0756438 1.80558e+07
d=8:HSSO 30000 1.6933e+06 0.0646955 1.56473e+07
d=8:PLNO 30000 1.49331e+06 0.0590332 1.20811e+07
d=8:Hyper 30000 1.63049e+06 0.0651438 7.42512e+06
d=8:SPAO 100000 454227 0.0179989 2.05392e+07
d=8:HSSO 100000 466878 0.0187688 1.76687e+07
d=8:PLNO 100000 407101 0.0160502 1.36598e+07
d=8:Hyper 100000 378614 0.0149611 9.13051e+06
d=8:SPAO 300000 126813 0.00509121 2.13988e+07
d=8:HSSO 300000 125302 0.00486285 1.75703e+07
d=8:PLNO 300000 100436 0.00407212 1.56918e+07
d=8:Hyper 300000 98984.3 0.00403696 1.20337e+07
d=8:SPAO 1000000 22010.3 0.000860913 2.17483e+07
d=8:HSSO 1000000 22720 0.000883378 1.66152e+07
d=8:PLNO 1000000 12384.7 0.00047307 1.64964e+07
d=8:Hyper 1000000 11031.8 0.00042346 1.49737e+07
d=16:SPAO 10000 5.22102e+06 0.206754 1.38814e+07
d=16:HSSO 10000 4.95786e+06 0.189939 1.07372e+07
d=16:PLNO 10000 5.16034e+06 0.195722 5.58355e+06
d=16:Hyper 10000 5.02947e+06 0.211959 2.30674e+06
d=16:SPAO 30000 1.61441e+06 0.0646 1.38392e+07
d=16:HSSO 30000 1.68366e+06 0.0639168 1.08775e+07
d=16:PLNO 30000 1.6054e+06 0.0616833 7.9042e+06
d=16:Hyper 30000 1.644e+06 0.0646371 4.3706e+06
d=16:SPAO 100000 419813 0.0168838 1.87169e+07
d=16:HSSO 100000 428806 0.0175808 1.48016e+07
d=16:PLNO 100000 413172 0.0165989 9.34371e+06
d=16:Hyper 100000 404903 0.0160299 6.291e+06
d=16:SPAO 300000 114766 0.00475829 2.15568e+07
d=16:HSSO 300000 115448 0.00460906 1.72497e+07
d=16:PLNO 300000 105314 0.00422689 1.31869e+07
d=16:Hyper 300000 102951 0.0040591 8.67549e+06
d=16:SPAO 1000000 16825.6 0.000659689 2.16704e+07
d=16:HSSO 1000000 18416.7 0.000701822 1.78132e+07
d=16:PLNO 1000000 12424.4 0.000494963 1.61853e+07
d=16:Hyper 1000000 10891.9 0.000429884 1.3487e+07
d=1:SPAO 10000 6.19358e+06 0.210028 1.81038e+07
d=1:HSSO 10000 3.77e+07 0.783372 1.54486e+07
d=1:PLNO 10000 1.61131e+07 0.518522 1.45187e+07
d=1:Hyper 10000 4.6996e+06 0.176518 1.29322e+07
d=1:SPAO 30000 4.9713e+06 0.183424 1.86595e+07
d=1:HSSO 30000 3.10428e+06 0.11328 1.79173e+07
d=1:PLNO 30000 3.03369e+06 0.112217 1.59585e+07
d=1:Hyper 30000 3.59251e+06 0.132136 1.62311e+07
d=1:SPAO 100000 2.10037e+06 0.0854793 2.07974e+07
d=1:HSSO 100000 1.68129e+06 0.063935 1.89049e+07
d=1:PLNO 100000 1.19132e+06 0.045782 1.9143e+07
d=1:Hyper 100000 2.09887e+06 0.0666065 1.84002e+07
d=1:SPAO 300000 771764 0.0297126 2.34856e+07
d=1:HSSO 300000 439200 0.0166997 1.79289e+07
d=1:PLNO 300000 472860 0.0175804 1.9501e+07
d=1:Hyper 300000 565787 0.0200674 1.95268e+07
d=1:SPAO 1000000 1.30615e+06 0.0432706 2.35438e+07
d=1:HSSO 1000000 300574 0.01096 1.79478e+07
d=1:PLNO 1000000 753668 0.0271697 2.03574e+07
d=1:Hyper 1000000 176259 0.0065729 2.12136e+07
d=2:SPAO 10000 5.88539e+06 0.220952 1.7743e+07
d=2:HSSO 10000 5.67692e+06 0.209643 1.50494e+07
d=2:PLNO 10000 5.33434e+06 0.218849 1.44318e+07
d=2:Hyper 10000 5.11426e+06 0.207057 1.02672e+07
d=2:SPAO 30000 2.51771e+06 0.10208 1.85958e+07
d=2:HSSO 30000 2.36057e+06 0.0917894 1.67032e+07
d=2:PLNO 30000 1.62435e+06 0.0627857 1.57559e+07
d=2:Hyper 30000 1.60631e+06 0.062338 1.2247e+07
d=2:SPAO 100000 698639 0.0262959 2.02028e+07
d=2:HSSO 100000 635772 0.0262403 1.74458e+07
d=2:PLNO 100000 650295 0.0247443 1.64485e+07
d=2:Hyper 100000 430842 0.0180476 1.43086e+07
d=2:SPAO 300000 244653 0.00941365 2.14789e+07
d=2:HSSO 300000 271334 0.0102595 1.9106e+07
d=2:PLNO 300000 190384 0.00729512 1.77944e+07
d=2:Hyper 300000 136949 0.00544845 1.57987e+07
d=2:SPAO 1000000 68722.5 0.00260809 2.18889e+07
d=2:HSSO 1000000 82544.2 0.00313953 1.86668e+07
d=2:PLNO 1000000 42519 0.00160102 1.71908e+07
d=2:Hyper 1000000 30434.6 0.00118592 1.67911e+07
d=4:SPAO 10000 5.79657e+06 0.208748 1.56584e+07
d=4:HSSO 10000 4.9652e+06 0.16886 1.20301e+07
d=4:PLNO 10000 4.77181e+06 0.188651 9.75118e+06
d=4:Hyper 10000 4.52637e+06 0.179614 6.41731e+06
d=4:SPAO 30000 1.67159e+06 0.0634639 1.57456e+07
d=4:HSSO 30000 1.74551e+06 0.0660009 1.32277e+07
d=4:PLNO 30000 1.52338e+06 0.0582765 1.12547e+07
d=4:Hyper 30000 1.37422e+06 0.0551322 6.92325e+06
d=4:SPAO 100000 493039 0.0196044 1.54281e+07
d=4:HSSO 100000 536778 0.0221699 1.34481e+07
d=4:PLNO 100000 409195 0.0160722 1.16674e+07
d=4:Hyper 100000 375854 0.0149654 1.1719e+07
d=4:SPAO 300000 179460 0.00810467 1.77035e+07
d=4:HSSO 300000 197992 0.00892346 1.37376e+07
d=4:PLNO 300000 106316 0.00420435 1.23974e+07
d=4:Hyper 300000 103747 0.00432168 1.20716e+07
d=4:SPAO 1000000 33255.6 0.00128794 1.72977e+07
d=4:HSSO 1000000 30696 0.00120101 1.37482e+07
d=4:PLNO 1000000 15968.6 0.000624066 1.60348e+07
d=4:Hyper 1000000 12934.7 0.000511029 1.77967e+07
d=8:SPAO 10000 5.56873e+06 0.226606 1.5708e+07
d=8:HSSO 10000 5.28768e+06 0.212962 1.3566e+07
d=8:PLNO 10000 5.47317e+06 0.21114 8.92491e+06
d=8:Hyper 10000 5.5185e+06 0.212076 4.4687e+06
d=8:SPAO 30000 1.67502e+06 0.0677636 1.71159e+07
d=8:HSSO 30000 1.63452e+06 0.0624251 1.31111e+07
d=8:PLNO 30000 1.52283e+06 0.0599962 9.16579e+06
d=8:Hyper 30000 1.53606e+06 0.0616221 5.58425e+06
d=8:SPAO 100000 462998 0.0183259 1.64323e+07
d=8:HSSO 100000 468354 0.0182495 1.77194e+07
d=8:PLNO 100000 397957 0.0159235 1.45764e+07
d=8:Hyper 100000 396068 0.0160786 9.40856e+06
d=8:SPAO 300000 120830 0.00473179 2.09799e+07
d=8:HSSO 300000 132293 0.00529942 1.65435e+07
d=8:PLNO 300000 104445 0.00407171 1.41168e+07
d=8:Hyper 300000 98122.4 0.00386194 9.967e+06
d=8:SPAO 1000000 22118.9 0.000856218 2.23944e+07
d=8:HSSO 1000000 20948.1 0.000851908 1.89015e+07
d=8:PLNO 1000000 12297 0.000479311 1.81394e+07
d=8:Hyper 1000000 11434.8 0.000446105 1.64857e+07
d=16:SPAO 10000 4.97459e+06 0.192311 1.26872e+07
d=16:HSSO 10000 5.41055e+06 0.221936 1.2985e+07
d=16:PLNO 10000 4.94394e+06 0.196573 7.01173e+06
d=16:Hyper 10000 5.02757e+06 0.189687 2.79396e+06
d=16:SPAO 30000 1.68993e+06 0.0658096 1.62206e+07
d=16:HSSO 30000 1.66155e+06 0.0640719 1.43586e+07
d=16:PLNO 30000 1.71144e+06 0.0653998 8.65447e+06
d=16:Hyper 30000 1.63559e+06 0.0659577 4.15827e+06
d=16:SPAO 100000 435493 0.0175491 1.93481e+07
d=16:HSSO 100000 417232 0.0168619 1.64373e+07
d=16:PLNO 100000 390063 0.0157812 1.08628e+07
d=16:Hyper 100000 402458 0.0163952 6.18773e+06
d=16:SPAO 300000 110488 0.00443947 2.1654e+07
d=16:HSSO 300000 107487 0.00426414 1.78695e+07
d=16:PLNO 300000 102387 0.00407586 1.44235e+07
d=16:Hyper 300000 98260.4 0.0038774 9.93064e+06
d=16:SPAO 1000000 16129.2 0.000653337 1.9721e+07
d=16:HSSO 1000000 17357.6 0.00068635 1.81433e+07
d=16:PLNO 1000000 13175.4 0.000529195 1.64788e+07
d=16:Hyper 1000000 10824.6 0.000416362 1.44533e+07
d=1:SPAO 10000 6.6396e+06 0.261401 1.79797e+07
d=1:HSSO 10000 1.01067e+07 0.339872 1.50732e+07
d=1:PLNO 10000 9.54456e+06 0.365556 1.2684e+07
d=1:Hyper 10000 5.21636e+06 0.200543 1.40801e+07
d=1:SPAO 30000 4.2507e+06 0.148152 1.88163e+07
d=1:HSSO 30000 3.22562e+06 0.120101 1.71273e+07
d=1:PLNO 30000 3.1691e+06 0.11572 1.63994e+07
d=1:Hyper 30000 2.59532e+06 0.0920806 1.47058e+07
d=1:SPAO 100000 1.66833e+06 0.0599358 2.01851e+07
d=1:HSSO 100000 1.6853e+06 0.0591891 1.86332e+07
d=1:PLNO 100000 1.51375e+06 0.0590826 1.82536e+07
d=1:Hyper 100000 2.20606e+06 0.0783953 1.63976e+07
d=1:SPAO 300000 471851 0.0188292 2.23095e+07
d=1:HSSO 300000 527611 0.0194402 1.63257e+07
d=1:PLNO 300000 698098 0.025923 1.57344e+07
d=1:Hyper 300000 623595 0.0247172 1.53975e+07
d=1:SPAO 1000000 276943 0.00999545 2.30785e+07
d=1:HSSO 1000000 290604 0.0104162 2.20819e+07
d=1:PLNO 1000000 400140 0.0149914 2.01182e+07
d=1:Hyper 1000000 245679 0.00926608 1.91538e+07
d=2:SPAO 10000 5.01863e+06 0.188562 1.74475e+07
d=2:HSSO 10000 6.27533e+06 0.228095 1.59655e+07
d=2:PLNO 10000 4.98732e+06 0.201029 1.38413e+07
d=2:Hyper 10000 4.25158e+06 0.169142 9.23896e+06
d=2:SPAO 30000 3.40573e+06 0.126733 1.88447e+07
d=2:HSSO 30000 2.89766e+06 0.10543 1.7383e+07
d=2:PLNO 30000 1.50541e+06 0.0584035 1.6709e+07
d=2:Hyper 30000 1.4835e+06 0.0607664 1.32699e+07
d=2:SPAO 100000 654289 0.0254152 2.14689e+07
d=2:HSSO 100000 681829 0.0260021 1.83674e+07
d=2:PLNO 100000 485332 0.0196792 1.69771e+07
d=2:Hyper 100000 480901 0.0183852 1.44471e+07
d=2:SPAO 300000 285749 0.0112718 2.02599e+07
d=2:HSSO 300000 236436 0.00909258 2.04845e+07
d=2:PLNO 300000 154307 0.00611845 1.95728e+07
d=2:Hyper 300000 134107 0.00532663 1.8487e+07
d=2:SPAO 1000000 87675.3 0.00354162 2.43011e+07
d=2:HSSO 1000000 93937.9 0.00369995 1.96153e+07
d=2:PLNO 1000000 30704.4 0.00117926 1.9092e+07
d=2:Hyper 1000000 28771.9 0.0010859 2.01404e+07
d=4:SPAO 10000 5.54363e+06 0.21567 1.70551e+07
d=4:HSSO 10000 5.593e+06 0.222114 1.43848e+07
d=4:PLNO 10000 5.0823e+06 0.201501 1.0976e+07
d=4:Hyper 10000 4.52657e+06 0.17249 6.90068e+06
d=4:SPAO 30000 1.80355e+06 0.0698947 1.84367e+07
d=4:HSSO 30000 1.74039e+06 0.0678795 1.70043e+07
d=4:PLNO 30000 1.60677e+06 0.062783 1.45442e+07
d=4:Hyper 30000 1.3933e+06 0.0543283 9.6503e+06
d=4:SPAO 100000 541468 0.0208795 2.13007e+07
d=4:HSSO 100000 520371 0.0206192 1.86959e+07
d=4:PLNO 100000 430948 0.0175185 1.66068e+07
d=4:Hyper 100000 384019 0.0158444 1.38561e+07
d=4:SPAO 300000 199211 0.00883191 2.12968e+07
d=4:HSSO 300000 189614 0.00764235 1.78343e+07
d=4:PLNO 300000 106274 0.00413277 1.75415e+07
d=4:Hyper 300000 100051 0.00396123 1.60859e+07
d=4:SPAO 1000000 33132.8 0.00135106 2.42723e+07
d=4:HSSO 1000000 30928.2 0.00120607 2.21103e+07
d=4:PLNO 1000000 15091.1 0.000589336 2.16067e+07
d=4:Hyper 1000000 13450 0.000530165 2.13845e+07
d=8:SPAO 10000 5.49744e+06 0.217428 1.79631e+07
d=8:HSSO 10000 5.27623e+06 0.214362 1.53731e+07
d=8:PLNO 10000 5.0214e+06 0.191999 1.06444e+07
d=8:Hyper 10000 5.66858e+06 0.214387 5.78683e+06
d=8:SPAO 30000 1.7963e+06 0.0707511 2.04167e+07
d=8:HSSO 30000 1.69363e+06 0.0699291 1.72887e+07
d=8:PLNO 30000 1.46822e+06 0.0564275 1.36742e+07
d=8:Hyper 30000 1.53228e+06 0.0601243 8.3766e+06
d=8:SPAO 100000 447139 0.0175515 2.23307e+07
d=8:HSSO 100000 465516 0.0194527 2.00396e+07
d=8:PLNO 100000 401787 0.0160418 1.64233e+07
d=8:Hyper 100000 393158 0.0157688 1.13184e+07
d=8:SPAO 300000 121917 0.00477339 2.31951e+07
d=8:HSSO 300000 125615 0.00501827 1.93684e+07
d=8:PLNO 300000 104390 0.00421321 1.76565e+07
d=8:Hyper 300000 99897.5 0.00400383 1.42543e+07
d=8:SPAO 1000000 21534.9 0.000847911 2.51584e+07
d=8:HSSO 1000000 24164.4 0.000955455 2.10304e+07
d=8:PLNO 1000000 12223.2 0.000491922 2.06152e+07
d=8:Hyper 1000000 10809.7 0.000419951 1.9214e+07
d=16:SPAO 10000 5.18633e+06 0.199641 1.58995e+07
d=16:HSSO 10000 5.40276e+06 0.206964 1.45972e+07
d=16:PLNO 10000 5.12287e+06 0.21599 8.03232e+06
d=16:Hyper 10000 5.42859e+06 0.221626 3.52541e+06
d=16:SPAO 30000 1.64118e+06 0.0658644 1.81641e+07
d=16:HSSO 30000 1.68877e+06 0.0688111 1.60125e+07
d=16:PLNO 30000 1.71178e+06 0.0658053 1.01633e+07
d=16:Hyper 30000 1.56297e+06 0.0595973 5.31261e+06
d=16:SPAO 100000 444922 0.0179608 2.16634e+07
d=16:HSSO 100000 416597 0.015988 1.71345e+07
d=16:PLNO 100000 397815 0.0159132 1.18266e+07
d=16:Hyper 100000 412094 0.0165893 7.67723e+06
d=16:SPAO 300000 108771 0.00439241 2.39377e+07
d=16:HSSO 300000 113329 0.00450899 1.98251e+07
d=16:PLNO 300000 105928 0.00421416 1.65782e+07
d=16:Hyper 300000 99652.2 0.00392479 1.22305e+07
d=16:SPAO 1000000 16376.7 0.000646727 2.40325e+07
d=16:HSSO 1000000 16547.4 0.000657047 2.0228e+07
d=16:PLNO 1000000 11923.6 0.000471858 1.84187e+07
d=16:Hyper 1000000 10826 0.000413814 1.65008e+07
d=1:SPAO 10000 6.78787e+06 0.244831 2.00655e+07
d=1:HSSO 10000 7.68923e+06 0.24609 1.77027e+07
d=1:PLNO 10000 5.89939e+06 0.205904 1.79101e+07
d=1:Hyper 10000 6.4969e+06 0.235836 1.5416e+07
d=1:SPAO 30000 4.32334e+06 0.146391 2.04776e+07
d=1:HSSO 30000 4.70387e+06 0.157928 1.98754e+07
d=1:PLNO 30000 3.55013e+06 0.122265 1.93814e+07
d=1:Hyper 30000 2.29243e+06 0.0882025 1.84269e+07
d=1:SPAO 100000 1.85552e+06 0.0694557 2.27087e+07
d=1:HSSO 100000 2.46228e+06 0.0835445 1.99726e+07
d=1:PLNO 100000 1.05487e+06 0.040853 1.98782e+07
d=1:Hyper 100000 3.42564e+06 0.116431 1.74286e+07
d=1:SPAO 300000 1.05173e+06 0.042811 2.56286e+07
d=1:HSSO 300000 616099 0.0240897 2.19446e+07
d=1:PLNO 300000 575107 0.0222298 2.20054e+07
d=1:Hyper 300000 505784 0.0186452 2.20481e+07
d=1:SPAO 1000000 333604 0.0123936 2.58794e+07
d=1:HSSO 1000000 483818 0.0166035 2.27155e+07
d=1:PLNO 1000000 202705 0.00779498 2.2557e+07
d=1:Hyper 1000000 278126 0.0101053 2.27402e+07
d=2:SPAO 10000 6.60604e+06 0.243147 1.92619e+07
d=2:HSSO 10000 5.93845e+06 0.222017 1.84752e+07
d=2:PLNO 10000 4.49303e+06 0.168356 1.56621e+07
d=2:Hyper 10000 4.27859e+06 0.159345 1.27625e+07
d=2:SPAO 30000 2.06718e+06 0.087233 2.12074e+07
d=2:HSSO 30000 2.47434e+06 0.103455 2.00625e+07
d=2:PLNO 30000 2.22446e+06 0.0811692 1.82772e+07
d=2:Hyper 30000 1.70372e+06 0.0686441 1.49268e+07
d=2:SPAO 100000 708947 0.0276145 2.33743e+07
d=2:HSSO 100000 726437 0.0270493 2.13336e+07
d=2:PLNO 100000 465506 0.0191513 1.92644e+07
d=2:Hyper 100000 489816 0.0200968 1.70911e+07
d=2:SPAO 300000 244660 0.00969836 2.34635e+07
d=2:HSSO 300000 252720 0.00952422 2.16998e+07
d=2:PLNO 300000 148510 0.00605595 2.18629e+07
d=2:Hyper 300000 137064 0.00540939 2.04893e+07
d=2:SPAO 1000000 73797.4 0.00283291 2.75553e+07
d=2:HSSO 1000000 81271.7 0.00336705 2.27895e+07
d=2:PLNO 1000000 29742.2 0.00120782 2.24896e+07
d=2:Hyper 1000000 31473.5 0.00123255 2.27045e+07
d=4:SPAO 10000 5.35931e+06 0.203172 1.87817e+07
d=4:HSSO 10000 4.94984e+06 0.181689 1.71862e+07
d=4:PLNO 10000 5.02908e+06 0.188933 1.35145e+07
d=4:Hyper 10000 4.73221e+06 0.199252 9.10987e+06
d=4:SPAO 30000 1.73044e+06 0.0663597 2.00094e+07
d=4:HSSO 30000 1.91216e+06 0.0740773 1.85635e+07
d=4:PLNO 30000 1.47005e+06 0.0570455 1.71965e+07
d=4:Hyper 30000 1.47346e+06 0.0556409 1.08708e+07
d=4:SPAO 100000 486214 0.0188817 2.26271e+07
d=4:HSSO 100000 524949 0.0218425 1.84943e+07
d=4:PLNO 100000 425836 0.0167347 1.67799e+07
d=4:Hyper 100000 384752 0.0156885 1.32597e+07
d=4:SPAO 300000 182606 0.00695011 2.19131e+07
d=4:HSSO 300000 175408 0.00698065 1.85641e+07
d=4:PLNO 300000 104909 0.00414178 1.5617e+07
d=4:Hyper 300000 95798.9 0.0038906 1.13159e+07
d=4:SPAO 1000000 32493.7 0.00132275 2.40826e+07
d=4:HSSO 1000000 30234.9 0.00118544 1.99811e+07
d=4:PLNO 1000000 14846.7 0.000581318 1.96023e+07
d=4:Hyper 1000000 13030 0.000511131 1.90035e+07
d=8:SPAO 10000 5.33595e+06 0.2101 1.57168e+07
d=8:HSSO 10000 4.88497e+06 0.183101 1.32571e+07
d=8:PLNO 10000 5.24637e+06 0.212112 8.15883e+06
d=8:Hyper 10000 5.3668e+06 0.197966 4.84562e+06
d=8:SPAO 30000 1.68645e+06 0.0713988 1.81189e+07
d=8:HSSO 30000 1.60572e+06 0.0613022 1.54593e+07
d=8:PLNO 30000 1.49837e+06 0.0600704 1.1423e+07
d=8:Hyper 30000 1.49381e+06 0.05797 6.88428e+06
d=8:SPAO 100000 444149 0.0172724 1.99182e+07
d=8:HSSO 100000 499475 0.0200391 1.73727e+07
d=8:PLNO 100000 406123 0.0163596 1.36256e+07
d=8:Hyper 100000 377943 0.0146204 9.69393e+06
d=8:SPAO 300000 125199 0.00488088 2.24824e+07
d=8:HSSO 300000 119268 0.00461951 1.86833e+07
d=8:PLNO 300000 102195 0.0040888 1.69531e+07
d=8:Hyper 300000 101524 0.00393321 1.32172e+07
d=8:SPAO 1000000 22620.9 0.000893548 2.26603e+07
d=8:HSSO 1000000 22113.3 0.00086485 1.87283e+07
d=8:PLNO 1000000 12049.8 0.000481312 1.73596e+07
d=8:Hyper 1000000 11034.7 0.000426731 1.55002e+07
d=16:SPAO 10000 5.51867e+06 0.202824 1.33312e+07
d=16:HSSO 10000 4.86286e+06 0.181824 1.32263e+07
d=16:PLNO 10000 5.34308e+06 0.218057 7.02085e+06
d=16:Hyper 10000 4.9667e+06 0.202148 3.00251e+06
d=16:SPAO 30000 1.75658e+06 0.0703188 1.74243e+07
d=16:HSSO 30000 1.60862e+06 0.0659712 1.41617e+07
d=16:PLNO 30000 1.61713e+06 0.0624082 8.71617e+06
d=16:Hyper 30000 1.62656e+06 0.0661582 4.25191e+06
d=16:SPAO 100000 411001 0.0162393 2.02421e+07
d=16:HSSO 100000 434126 0.0171666 1.63483e+07
d=16:PLNO 100000 428106 0.0171715 1.12087e+07
d=16:Hyper 100000 398083 0.0157151 6.97171e+06
d=16:SPAO 300000 110906 0.00443367 2.1783e+07
d=16:HSSO 300000 105243 0.00418675 1.85217e+07
d=16:PLNO 300000 106701 0.00421727 1.4539e+07
d=16:Hyper 300000 101327 0.00398463 1.105e+07
d=16:SPAO 1000000 17314.7 0.000667247 2.07277e+07
d=16:HSSO 1000000 17036.6 0.000669096 1.60871e+07
d=16:PLNO 1000000 12115.8 0.000478642 1.48005e+07
d=16:Hyper 1000000 11132.4 0.000431902 1.21597e+07
d=1:SPAO 10000 1.09094e+07 0.306926 1.72299e+07
d=1:HSSO 10000 8.79324e+06 0.29953 1.59176e+07
d=1:PLNO 10000 7.52751e+06 0.285267 1.58724e+07
d=1:Hyper 10000 7.33218e+06 0.234783 1.31097e+07
d=1:SPAO 30000 3.17616e+06 0.112289 1.90899e+07
d=1:HSSO 30000 3.49955e+06 0.114401 1.80613e+07
d=1:PLNO 30000 6.62003e+06 0.218918 1.82139e+07
d=1:Hyper 30000 4.47847e+06 0.153012 1.4953e+07
d=1:SPAO 100000 1.50774e+06 0.0522165 2.0803e+07
d=1:HSSO 100000 2.54886e+06 0.08944 1.9997e+07
d=1:PLNO 100000 2.04902e+06 0.0768513 2.05251e+07
d=1:Hyper 100000 2.59922e+06 0.0890827 1.94822e+07
d=1:SPAO 300000 399381 0.0153196 2.56301e+07
d=1:HSSO 300000 985037 0.0348166 2.22038e+07
d=1:PLNO 300000 626879 0.0232183 2.18916e+07
d=1:Hyper 300000 772988 0.0333721 2.04705e+07
d=1:SPAO 1000000 731952 0.0265082 2.44817e+07
d=1:HSSO 1000000 825301 0.0266712 2.1137e+07
d=1:PLNO 1000000 232514 0.00913684 2.28825e+07
d=1:Hyper 1000000 169512 0.00696195 2.31218e+07
d=2:SPAO 10000 6.47377e+06 0.239402 1.92156e+07
d=2:HSSO 10000 6.62165e+06 0.252623 1.7488e+07
d=2:PLNO 10000 4.87626e+06 0.182328 1.53013e+07
d=2:Hyper 10000 4.90631e+06 0.191246 9.73357e+06
d=2:SPAO 30000 2.69403e+06 0.101269 1.49144e+07
d=2:HSSO 30000 2.97338e+06 0.109493 1.75704e+07
d=2:PLNO 30000 1.70601e+06 0.0651268 1.62165e+07
d=2:Hyper 30000 1.62328e+06 0.0637944 1.21871e+07
d=2:SPAO 100000 689071 0.0276093 1.94934e+07
d=2:HSSO 100000 836879 0.0311605 1.92748e+07
d=2:PLNO 100000 556783 0.0221181 1.82297e+07
d=2:Hyper 100000 412332 0.0163273 1.55115e+07
d=2:SPAO 300000 235237 0.00889596 2.20086e+07
d=2:HSSO 300000 208776 0.00831396 1.51534e+07
d=2:PLNO 300000 130410 0.00499124 1.88102e+07
d=2:Hyper 300000 147808 0.00572683 1.8155e+07
d=2:SPAO 1000000 187412 0.00661837 2.50061e+07
d=2:HSSO 1000000 86540.9 0.00340789 1.90816e+07
d=2:PLNO 1000000 40030.2 0.00151342 1.82727e+07
d=2:Hyper 1000000 29264.1 0.0010939 1.94659e+07
d=4:SPAO 10000 6.16011e+06 0.254114 1.70879e+07
d=4:HSSO 10000 5.09135e+06 0.188815 1.54891e+07
d=4:PLNO 10000 4.43938e+06 0.167027 1.13775e+07
d=4:Hyper 10000 4.40636e+06 0.162088 6.93135e+06
d=4:SPAO 30000 1.71672e+06 0.0649489 1.88662e+07
d=4:HSSO 30000 1.66898e+06 0.067812 1.6676e+07
d=4:PLNO 30000 1.46067e+06 0.0577354 1.35579e+07
d=4:Hyper 30000 1.41949e+06 0.0559399 8.75328e+06
d=4:SPAO 100000 547363 0.0208745 2.00404e+07
d=4:HSSO 100000 521984 0.0203371 1.86543e+07
d=4:PLNO 100000 423893 0.0172746 1.60172e+07
d=4:Hyper 100000 393594 0.0154396 1.41156e+07
d=4:SPAO 300000 180056 0.00718301 2.15618e+07
d=4:HSSO 300000 184420 0.00702987 1.82486e+07
d=4:PLNO 300000 104027 0.0043082 1.59049e+07
d=4:Hyper 300000 101057 0.00418076 1.69472e+07
d=4:SPAO 1000000 30887.5 0.00124157 2.42311e+07
d=4:HSSO 1000000 29516.7 0.00115002 2.00351e+07
d=4:PLNO 1000000 14414.5 0.000557003 1.91872e+07
d=4:Hyper 1000000 13080.7 0.000519675 1.79727e+07
d=8:SPAO 10000 5.17544e+06 0.200924 1.46004e+07
d=8:HSSO 10000 5.21687e+06 0.201096 1.37602e+07
d=8:PLNO 10000 4.53008e+06 0.164778 9.38486e+06
d=8:Hyper 10000 4.95099e+06 0.192183 4.91958e+06
d=8:SPAO 30000 1.65995e+06 0.0650501 1.71577e+07
d=8:HSSO 30000 1.62894e+06 0.068699 1.46653e+07
d=8:PLNO 30000 1.57597e+06 0.0615049 1.20398e+07
d=8:Hyper 30000 1.48711e+06 0.0590418 7.21474e+06
d=8:SPAO 100000 452528 0.0180017 2.05309e+07
d=8:HSSO 100000 447478 0.0173267 1.74846e+07
d=8:PLNO 100000 406057 0.0165068 1.3963e+07
d=8:Hyper 100000 373309 0.0144952 8.91382e+06
d=8:SPAO 300000 124481 0.00503428 2.23984e+07
d=8:HSSO 300000 119010 0.00476216 1.8666e+07
d=8:PLNO 300000 103725 0.00400425 1.69408e+07
d=8:Hyper 300000 100066 0.00394688 1.26011e+07
d=8:SPAO 1000000 21601.6 0.000846837 2.21069e+07
d=8:HSSO 1000000 21021.4 0.00083643 1.75771e+07
d=8:PLNO 1000000 12230.6 0.000479061 1.85487e+07
d=8:Hyper 1000000 10814.7 0.000423398 1.73363e+07
d=16:SPAO 10000 4.98423e+06 0.192003 1.44075e+07
d=16:HSSO 10000 5.09199e+06 0.208717 1.30978e+07
d=16:PLNO 10000 5.41332e+06 0.206448 6.62547e+06
d=16:Hyper 10000 4.62836e+06 0.184811 2.86015e+06
d=16:SPAO 30000 1.65519e+06 0.0657959 1.66141e+07
d=16:HSSO 30000 1.63208e+06 0.0677187 1.44961e+07
d=16:PLNO 30000 1.65332e+06 0.0657909 8.92164e+06
d=16:Hyper 30000 1.53727e+06 0.0622533 4.46129e+06
d=16:SPAO 100000 419478 0.0166223 1.84646e+07
d=16:HSSO 100000 435304 0.0171712 1.55473e+07
d=16:PLNO 100000 401219 0.0157992 1.06122e+07
d=16:Hyper 100000 403535 0.0158072 6.37508e+06
d=16:SPAO 300000 109133 0.00438374 2.0822e+07
d=16:HSSO 300000 114841 0.00460966 1.58051e+07
d=16:PLNO 300000 108473 0.0043391 1.26839e+07
d=16:Hyper 300000 105934 0.00410973 9.26784e+06
d=16:SPAO 1000000 16641.4 0.000669642 2.0232e+07
d=16:HSSO 1000000 16510.6 0.000668182 1.51719e+07
d=16:PLNO 1000000 12584.2 0.000487371 1.36755e+07
d=16:Hyper 1000000 10780.5 0.000433054 1.15087e+07
