SPAO 50000 361631 0.0169599 3.17298e+07
HSSO 50000 401975 0.0184229 3.15206e+07
PLNO 50000 362694 0.0162424 2.81212e+07
Hyper 50000 294113 0.0134218 2.6702e+07
Coco 50000 728590 0.0263254 2.87621e+06
USS 50000 2.57674e+06 0.0960584 968999
SPAO 100000 164785 0.00785177 3.17541e+07
HSSO 100000 171151 0.00757913 3.60414e+07
PLNO 100000 162772 0.00712849 2.96738e+07
Hyper 100000 156493 0.00658369 2.777e+07
Coco 100000 307699 0.0118567 2.94408e+06
USS 100000 1.23525e+06 0.0466833 1.05384e+06
SPAO 200000 80289.9 0.00367378 3.40126e+07
HSSO 200000 84890.4 0.00390157 3.60212e+07
PLNO 200000 83636.1 0.00347695 3.04066e+07
Hyper 200000 91641.3 0.00379855 2.87282e+07
Coco 200000 153543 0.00580895 3.0094e+06
USS 200000 605290 0.0224518 1.04087e+06
SPAO 50000 443430 0.0202241 3.206e+07
HSSO 50000 362623 0.0157895 3.3564e+07
PLNO 50000 400489 0.0190974 2.78341e+07
Hyper 50000 334137 0.0151488 2.67694e+07
Coco 50000 661705 0.0255546 2.84759e+06
USS 50000 2.48234e+06 0.0922907 962340
SPAO 100000 185101 0.00885693 3.16788e+07
HSSO 100000 179223 0.00742176 3.55785e+07
PLNO 100000 160681 0.00698947 2.95138e+07
Hyper 100000 149227 0.00653795 2.75352e+07
Coco 100000 331947 0.0123517 2.93938e+06
USS 100000 1.2571e+06 0.0470232 1.04754e+06
SPAO 200000 80035.1 0.00354403 3.41913e+07
HSSO 200000 87065.9 0.00350383 3.57194e+07
PLNO 200000 78032.5 0.00363642 3.00718e+07
Hyper 200000 92912.6 0.00368688 2.85949e+07
Coco 200000 151049 0.00581281 2.99823e+06
USS 200000 621144 0.0228659 1.05328e+06
SPAO 50000 389727 0.0171421 3.17561e+07
HSSO 50000 406803 0.0193529 3.24324e+07
PLNO 50000 339567 0.0156987 2.76382e+07
Hyper 50000 394963 0.0183173 2.63453e+07
Coco 50000 690334 0.0248047 2.82867e+06
USS 50000 2.65708e+06 0.0963901 948567
SPAO 100000 169680 0.00778256 3.11586e+07
HSSO 100000 171116 0.00751944 3.57494e+07
PLNO 100000 157019 0.00689097 2.88386e+07
Hyper 100000 178773 0.00828916 2.75903e+07
Coco 100000 343313 0.0130164 2.92735e+06
USS 100000 1.24622e+06 0.0469822 1.01677e+06
SPAO 200000 80219.5 0.00361562 3.37137e+07
HSSO 200000 74414 0.00326597 3.53479e+07
PLNO 200000 77638.3 0.00372843 2.99737e+07
Hyper 200000 87260.5 0.00386354 2.82942e+07
Coco 200000 148395 0.00560015 2.95122e+06
USS 200000 602357 0.0222235 1.06208e+06
SPAO 50000 384486 0.0168178 3.19316e+07
HSSO 50000 370928 0.016774 3.26554e+07
PLNO 50000 371950 0.015608 2.74137e+07
Hyper 50000 315498 0.01365 2.61129e+07
Coco 50000 753001 0.0254107 2.83343e+06
USS 50000 2.5906e+06 0.0962999 960594
SPAO 100000 184211 0.00820485 3.14598e+07
HSSO 100000 165352 0.00721925 3.58861e+07
PLNO 100000 154875 0.00687034 2.94995e+07
Hyper 100000 171487 0.00818452 2.78287e+07
Coco 100000 340828 0.0125464 2.94049e+06
USS 100000 1.23205e+06 0.0467278 1.04202e+06
SPAO 200000 81781.1 0.00363161 3.43415e+07
HSSO 200000 76132.4 0.00363846 3.56559e+07
PLNO 200000 82652.3 0.00370926 3.02595e+07
Hyper 200000 88684.4 0.00412641 2.88635e+07
Coco 200000 151961 0.00570546 2.99924e+06
USS 200000 592790 0.0223304 1.07319e+06
SPAO 50000 404556 0.0182608 3.21058e+07
HSSO 50000 379857 0.0159429 3.35953e+07
PLNO 50000 414746 0.0173835 2.78259e+07
Hyper 50000 311768 0.0138323 2.64252e+07
Coco 50000 681611 0.0237457 2.85265e+06
USS 50000 2.57769e+06 0.0945269 974091
SPAO 100000 174244 0.00760327 3.15463e+07
HSSO 100000 181649 0.00823379 3.33674e+07
PLNO 100000 167117 0.00746536 2.88212e+07
Hyper 100000 178392 0.00763707 2.80332e+07
Coco 100000 319530 0.0119508 2.95139e+06
USS 100000 1.30319e+06 0.047061 1.01875e+06
SPAO 200000 83717.2 0.00368966 3.4446e+07
HSSO 200000 76120.3 0.00331015 3.58411e+07
PLNO 200000 105174 0.00416069 3.0533e+07
Hyper 200000 87738.6 0.00371299 2.84424e+07
Coco 200000 148798 0.0055928 3.03047e+06
USS 200000 594153 0.0221835 1.04828e+06
